new 
190  204  17.135
190  205  19.652
190  206  19.659
190  207  16.763
191  204  24.67
191  205  30.102
191  206  29.711
191  207  27.034
191  208  23.738
192  203  27.581
192  206  65.597
192  207  39.988
192  208  31.017
192  209  20.174
193  203  30.355
193  204  68.473
193  207  67.721
193  208  37.328
193  209  25.8
194  203  33.792
194  204  55.572
194  205  373.787
194  206  590.18
194  207  149.896
194  208  45.985
194  209  30.704
194  210  22.628
195  202  23.05
195  203  32.747
195  204  43.587
195  205  87.915
195  206  494.759
195  207  318.454
195  208  60.652
195  209  34.549
195  210  24.154
196  203  30.797
196  204  39.269
196  205  57.451
196  206  325.154
196  207  466.81
196  208  71.945
196  209  37.848
196  210  28.884
197  203  28.594
197  204  33.24
197  205  43.452
197  206  105.762
197  207  457.641
197  208  177.949
197  210  25.68
198  208  344.538
199  204  24.9
199  205  27.552
199  210  33.364
199  211  15.423
200  208  364.648
200  209  266.643
200  210  45.308
201  205  17.232
201  206  27.468
201  207  38.058
201  208  217.29
201  209  366.686
201  210  57.786
202  206  19.427
202  207  31.268
202  208  86.892
202  209  406.795
202  210  143.112
202  211  30.27
202  212  8.334
203  206  6.781
203  207  25.284
203  208  42.925
203  209  318.613
203  210  264.924
204  207  19.504
204  208  33.628
204  209  205.908
204  212  21.273
205  207  7.404
205  208  24.671
205  209  85.491
205  211  122.955
205  212  23.771
206  208  18.654
206  209  47.435
206  211  234.458
207  208  11.047
207  210  205.789
207  211  301.28
207  212  38.136
208  210  107.209
208  211  339.28
208  212  94.487
208  213  22.587
209  210  43.947
209  211  308.092
209  212  192.59
209  213  26.919
209  214  6.409
210  209  11.75
210  210  32.845
210  211  233.478
210  212  280.13
211  212  315.182
211  213  87.73
211  214  19.09
212  210  18.697
212  211  52.902
212  212  309.801
212  213  180.58
212  214  27.942
213  210  10.093
213  211  30.479
213  212  213.783
213  213  259.212
213  214  35.3
213  215  8.358
214  211  23.478
214  212  129.96
214  213  319.954
214  215  16.338
215  211  14.972
215  212  53.042
215  213  286.769
215  214  164.549
215  215  20.219
216  211  7.565
216  212  27.532
216  213  217.369
216  214  254.835
216  215  34.322
217  212  20.917
217  213  124.631
217  214  282.501
217  215  70.807
217  216  13.562
218  212  16.754
218  213  56.218
218  215  148.529
218  216  22.03
219  212  8.147
219  213  30.633
219  216  34.032
220  213  24.167
220  216  76.102
220  217  17.859
221  213  16.986
221  214  81.14
221  215  277.372
221  216  147.478
221  217  37.572
221  218  16.368
222  213  19.119
222  214  55.677
222  216  233.6
222  217  94.728
222  218  59.121
222  219  22.624
223  213  16.244
223  214  56.583
223  215  199.247
223  216  399.395
223  217  385.255
223  218  199.755
223  219  60.94
223  220  9.23
224  213  26.826
224  214  70.575
224  215  287.925
224  216  523.89
224  217  509.958
224  218  401.237
224  219  94.615
224  220  22.863
225  213  22.692
225  214  66.407
225  215  270.934
225  216  495.538
225  217  494.277
225  218  393.657
225  219  93.451
225  220  22.765
226  213  6.144
226  214  51.095
226  215  147.503
226  216  418.252
226  217  455.937
226  218  241.105
226  219  58.061
226  220  8.366
227  214  33.559
227  215  79.777
227  216  125.556
227  217  129.606
227  218  77.454
227  219  29.181
228  213  8.465
228  214  50.762
228  215  37.161
228  216  46.577
228  217  30.27
228  218  20.182
228  219  26.467
229  212  10.763
229  213  41.352
229  215  32.993
229  216  14.479
229  220  25.141
229  221  7.884
230  211  10.854
230  212  38.069
230  215  18.437
230  221  70.998
230  222  8.091
231  210  12.472
231  211  42.651
231  214  21.375
231  222  30.766
231  223  9.594
232  214  23.389
232  223  26.628
233  213  10.724
233  214  8.255
233  224  16.645
234  213  16.439
234  225  33.082
235  212  13.15
235  213  10.059
235  226  20.374
236  212  22.201
236  227  54.034
237  212  17.596
237  228  19.967
238  211  18.043
238  229  23.549
239  211  15.554
239  230  19.854
240  210  17.79
240  211  10.556
240  231  17.15
241  210  31.796
242  209  12.323
242  210  20.716
242  233  47.501
243  232  8.079
243  233  116.579
243  234  26.357
244  209  34.543
244  233  68.103
244  235  20.291
245  208  22.14
245  209  6.054
245  236  18.648
246  208  26.062
246  237  19.868
247  207  18.76
247  208  24.398
247  238  16.972
248  207  24.587
248  239  17.496
249  241  55.78
250  241  80.68
250  242  7.593
251  206  19.083
251  242  23.103
252  205  85.07
252  206  20.892
252  243  18.694
253  205  32.06
253  244  33.024
254  205  8.299
254  245  19.98
254  246  9.057
255  204  16.006
255  246  30.569
255  247  24.1
256  204  12.217
256  247  15.613
256  248  15.837
new 
207  207  129.108
209  204  10.627
209  205  124.307
209  206  223.657
209  207  13.208
210  203  7.692
210  204  47.265
210  205  236.137
210  206  19.74
210  207  8.928
211  203  21.763
211  204  223.14
211  205  29.586
211  206  6.913
212  203  197.073
212  204  78.026
212  205  10.258
213  201  9.516
213  203  144.843
213  204  10.166
214  200  8.446
214  202  186.715
214  203  14.876
214  204  7.1
215  200  42.265
215  201  192.139
215  202  25.902
215  203  7.24
216  199  22.439
216  200  214.913
216  202  8.211
217  198  15.978
217  199  172.005
217  200  115.479
218  197  10.808
218  198  113.908
218  199  164.394
218  200  14.774
219  196  8.508
219  197  82.624
219  198  203.847
219  199  25.189
220  196  35.277
220  197  244.473
220  198  69.421
220  199  7.436
221  195  17.693
221  196  159.703
221  197  89.726
221  198  9.246
222  194  7.971
222  195  128.638
222  196  148.785
222  197  11.552
223  194  61.963
223  195  164.51
223  196  23.682
224  193  41.651
224  194  174.855
224  195  36.923
225  192  21.329
225  193  168.823
226  191  7.102
226  192  110.438
226  193  144.605
226  194  14.127
227  191  67.952
227  192  163.614
227  193  24.979
228  190  30.497
228  191  185.559
228  192  61.561
229  189  11.858
229  190  130.639
229  191  112.26
229  192  10.062
230  189  95.98
230  190  148.458
230  191  20.51
231  188  32.154
231  189  157.12
231  190  60.081
232  188  116.363
232  189  63.649
233  188  11.962
new 
89  151  39.009
90  151  25.265
90  152  15.776
91  152  40.664
91  166  8.068
92  152  40.464
92  166  72.435
93  153  26.275
93  166  80.721
94  153  52.426
94  154  32.624
94  166  75.099
95  153  71.251
95  154  52.305
95  165  52.112
95  166  26.493
96  153  20.7
96  165  89.524
97  165  106.518
98  154  91.534
98  155  44.058
98  164  15.952
98  165  91.831
99  155  49.66
99  164  65.283
99  165  28.467
100  155  38.771
100  164  85.288
101  155  10.288
101  156  25.776
101  163  8.667
101  164  124.764
102  163  27.708
102  164  73.244
103  163  63.324
103  164  18.914
104  156  11.469
104  157  30.185
104  163  81.155
105  157  52.074
105  162  8.777
105  163  82.993
106  157  21.765
106  162  38.603
106  163  55.724
107  158  15.902
107  162  82.696
107  163  20.681
108  158  26.813
108  162  89.223
109  158  53.318
109  159  27.233
109  161  26.677
109  162  101.182
110  159  38.814
110  161  58.893
110  162  53.497
111  159  42.957
111  160  6.553
111  161  116.7
111  162  32.863
112  159  24.533
112  160  38.343
112  161  123.311
112  162  9.79
113  159  18.304
113  160  111.342
113  161  110.61
113  162  10.409
114  159  54.149
114  160  299.827
114  161  215.319
114  162  19.608
115  159  26.813
115  160  196.905
115  161  179.13
115  162  13.244
116  160  14.815
116  161  49.865
116  162  13.728
117  161  6.344
117  162  56.459
118  162  38.938
118  163  11.425
119  163  87.557
new 
162  57  11.45
162  58  35.521
162  59  110.139
163  56  18.688
163  57  101.765
163  58  357.194
163  59  81.196
163  69  14.146
163  70  44.905
164  55  27.878
164  56  167.685
164  57  319.003
164  58  68.091
164  59  9.234
164  67  42.661
164  68  96.032
164  69  60.866
165  54  38.852
165  55  214.902
165  56  260.997
165  57  46.988
165  58  8.633
165  65  49.101
165  67  64.979
166  52  10.487
166  53  59.746
166  54  272.277
166  55  229.31
166  62  22.08
166  63  142.242
166  64  118.771
166  65  43.833
167  51  18.398
167  52  97.434
167  54  165.585
167  55  29.516
167  60  15.776
167  61  72.025
167  62  82.061
167  63  30.226
168  49  6.07
168  50  29.005
168  51  167.7
168  52  294.003
168  53  116.046
168  54  21.296
168  58  41.48
168  59  127.853
168  60  102.923
168  61  13.738
169  48  8.98
169  49  43.835
169  50  192.678
169  51  267.513
169  52  92.24
169  53  13.619
169  55  6.279
169  56  51.965
169  57  89.073
169  58  100.314
169  59  13.222
170  49  233.175
170  50  229.932
170  51  80.478
170  52  20.847
170  53  14.839
170  54  64.917
170  55  93.069
170  57  6.197
171  45  17.499
171  46  78.913
171  47  149.724
171  48  256.559
171  49  271.233
171  50  394.526
171  51  243.819
171  52  81.845
171  53  66.723
171  54  30.032
172  44  23.583
172  45  97.137
172  46  277.206
172  47  293.684
172  48  335.59
172  49  477.142
172  50  517.265
172  51  354.961
172  52  68.331
172  53  6.352
173  43  28.448
173  44  130.405
173  45  290.7
173  46  326.984
173  47  371.734
173  48  406.833
173  49  391.132
173  50  280.519
173  51  106.429
173  52  18.5
174  42  15.878
174  43  146.104
174  44  368.763
174  45  407.414
174  46  403.553
174  47  346.293
174  48  223.438
174  49  92.849
174  50  48.832
174  51  19.054
175  42  23.796
175  43  226.4
175  44  420.02
175  45  379.012
175  46  229.545
175  48  35.715
175  49  15.327
175  50  7.055
176  44  317.355
176  48  6.07
177  41  26.922
177  42  7.773
177  43  19.328
177  44  58.411
178  39  34.379
178  40  21.247
