new 
224  88  22.223
224  89  62.48
225  88  93.219
225  89  418.833
225  90  80.885
226  87  52.706
226  88  231.697
226  89  603.588
226  90  137.316
227  86  17.317
227  87  95.635
227  88  431.997
227  89  501.874
227  90  119.414
227  91  19.309
228  86  23.688
228  87  126.002
228  88  515.383
228  89  407.183
228  90  95.731
228  91  16.303
229  86  27.172
229  87  136.234
229  88  542.36
229  89  324.51
229  90  69.762
230  86  35.135
230  87  174.392
230  88  568.807
230  89  258.129
230  90  53.432
231  86  50.803
231  87  270.856
231  88  534.32
231  89  204.205
231  90  40.831
232  86  70.606
232  87  321.626
232  88  519.311
232  89  150.7
232  90  31.419
233  86  82.555
233  87  372.669
233  89  116.737
234  85  17.898
234  86  92.769
234  87  428.461
234  88  428.488
234  90  18.49
235  85  21.905
235  88  388.262
235  89  76.237
236  86  169.281
236  89  68.081
237  80  34.504
237  81  106.189
237  82  46.066
237  85  40.045
237  86  229.84
237  87  451.268
238  81  586.018
238  82  182.079
238  83  50.493
238  84  20.531
238  85  54.956
238  86  290.215
238  87  454.208
238  88  239.216
238  89  42.741
239  82  515.453
239  83  124.976
239  84  34.116
239  85  62.154
239  86  334.449
239  87  432.134
239  88  206.835
239  89  33.412
240  80  40.102
240  82  545.581
240  83  254.048
240  84  65.321
240  87  443.186
240  88  165.117
240  89  29.043
241  80  18.468
241  81  85.366
241  82  407.599
241  83  439.568
241  87  395.944
241  89  21.793
242  81  40.349
242  82  182.498
242  89  23.489
243  82  78.216
243  83  359.059
243  84  415.812
243  86  399.499
243  87  368.947
243  89  18.072
244  83  200.451
244  84  454.498
244  85  348.117
244  86  422.871
244  87  353.654
244  88  86.551
244  89  21.393
245  83  111.897
245  84  407.187
245  85  461.365
245  86  438.85
245  87  364.082
245  88  103.57
245  89  30.471
246  83  232.375
246  84  441.73
246  85  526.151
246  86  528.679
246  87  504.851
246  88  222.269
246  89  60.521
246  90  20.287
247  82  43.801
247  83  261.946
247  84  469.842
247  85  540.242
247  86  466.768
247  87  539.844
247  88  406.483
247  89  127.123
247  90  32.962
248  82  26.981
248  83  116.145
248  84  365.045
248  85  519.344
248  86  537.927
248  87  514.85
248  88  497.847
248  90  56.665
249  83  42.142
249  84  141.408
249  85  415.642
249  86  527.316
249  87  493.195
249  88  499.373
249  90  74.29
250  83  16.581
250  84  53.732
250  85  201.38
250  86  443.262
250  87  509.347
250  88  501.648
251  84  19.556
251  85  52.362
251  87  256.618
251  88  189.4
251  89  101.116
252  87  41.654
252  88  46.501
252  89  32.969
252  91  59.958
253  91  24.813
253  92  51.257
254  93  64.651
254  94  21.264
255  94  110.98
255  95  178.27
new 
117  100  22.668
117  101  39.818
117  102  56.051
117  103  63.63
117  104  49.113
117  105  19.43
118  99  28.566
118  101  214.138
118  102  284.076
118  103  363.125
118  104  252.175
118  105  76.232
119  98  16.029
119  99  70.03
119  100  331.078
119  101  425.738
119  102  467.707
119  103  505.874
119  104  469.747
119  106  43.321
120  98  25.174
120  100  340.44
120  101  459.264
120  102  520.267
120  103  542.999
120  104  499.831
121  98  35.773
121  99  163.855
121  100  428.71
121  101  490.577
121  102  507.629
121  104  431.271
121  105  255.572
122  98  51.446
122  99  290.745
122  100  502.588
122  101  509.779
122  105  111.608
123  98  40.866
123  99  218.907
123  100  453.481
123  103  448.736
123  104  221.89
123  105  48.638
124  98  21.128
124  99  83.276
124  102  419.776
124  103  251.191
124  105  25.859
124  109  31.165
125  99  23.295
125  101  93.052
125  102  89.274
125  103  49.95
125  104  25.295
125  105  15.11
126  101  17.38
126  102  18.557
126  112  20.565
126  113  18.914
127  114  25.17
128  116  20.757
129  117  19.519
129  118  21.206
130  119  25.353
131  121  41.911
131  122  27.416
132  122  18.916
132  123  21.712
133  124  20.774
133  125  25.658
134  126  20.136
135  128  21.959
136  129  22.206
136  130  29.151
137  131  22.928
138  133  21.471
139  135  25.22
140  136  22.801
140  137  18.523
141  138  28.034
142  139  17.284
142  140  25.133
143  141  25.267
144  143  18.78
144  144  16.369
145  146  35.307
145  148  83.336
146  147  64.693
146  148  121.85
146  149  29.099
148  150  28.808
148  151  21.026
149  151  19.814
150  154  32.397
151  155  57.004
151  156  24.126
152  157  39.525
152  158  19.06
153  158  27.016
153  159  24.133
154  160  21.144
155  162  22.566
156  164  32.768
157  165  18.417
new 
100  234  32.732
103  232  23.215
104  232  34.673
105  231  37.841
105  232  20.441
106  231  39.073
107  230  29.649
108  230  42.207
109  229  28.886
109  230  18.245
110  229  47.222
111  228  30.362
113  227  35.272
114  227  43.827
115  226  30.323
115  227  15.193
116  225  19.223
116  226  75.081
116  227  42.689
117  225  73.098
117  226  73.748
117  227  97.619
118  224  36.699
118  225  149.476
118  226  60.823
118  227  17.76
119  224  67.298
119  225  51.616
120  224  77.839
121  223  31.158
121  224  15.017
122  223  72.621
123  222  26.985
123  223  22.41
124  222  86.165
125  221  38.605
125  222  28.75
126  221  65.663
127  220  24.816
127  221  19.736
128  220  42.28
129  219  26.808
129  220  27.604
130  219  49.86
131  218  28.471
131  219  34.814
132  218  35.079
133  217  19.642
133  218  19.811
134  217  42.657
135  216  20.715
135  217  33.224
136  216  41.517
137  216  26.714
139  215  30.123
140  214  33.631
141  213  66.804
141  214  138.178
142  214  20.449
142  215  33.875
143  213  29.777
144  212  24.951
145  212  51.22
146  211  29.407
146  212  31.403
147  211  36.709
148  208  27.807
148  209  97.458
148  210  48.131
148  211  29.45
149  208  51.2
149  209  55.904
149  210  76.986
149  211  39.863
149  212  62.775
150  208  34.019
150  209  73.424
150  210  119.462
150  211  126.645
150  212  74.234
150  213  67.593
150  214  53.733
150  215  46.066
150  216  24.731
151  207  54.634
151  208  211.185
151  209  305.547
151  211  307.725
151  212  307.348
151  213  294.08
151  214  262.928
151  215  236.644
151  216  119.444
151  217  31.204
152  206  26.307
152  207  187.598
152  208  398.348
152  209  447.451
152  210  437.436
152  211  427.143
152  212  469.42
152  213  479.117
152  214  463.902
152  215  477.145
152  216  393.108
152  217  102.907
152  218  18.105
153  205  15.026
153  206  61.583
153  207  215.128
153  208  382.292
153  209  425.389
153  210  433.865
153  211  445.835
153  212  425.269
153  213  465.438
153  214  481.586
153  215  515.17
153  216  461.841
153  217  173.319
153  218  27.766
154  203  35.882
154  204  29.268
154  205  24.898
154  206  55.487
154  207  170.537
154  208  325.435
154  209  322.946
154  210  334.299
154  211  387.753
154  212  425.227
154  213  473.017
154  214  483.43
154  215  501.414
154  216  435.956
154  217  117.485
154  218  22.118
155  201  36.44
155  206  109.791
155  207  73.968
155  208  242.707
155  209  327.502
155  210  170.503
155  211  143.584
155  212  217.214
155  213  273.301
155  214  321.186
155  215  322.768
155  216  192.973
155  217  38.003
156  205  54.363
156  206  34.694
156  207  31.679
156  208  154.61
156  209  341.513
156  210  241.179
156  211  66.755
156  212  52.731
156  213  66.926
156  214  76.353
156  215  70.769
156  216  39.119
157  204  80.538
157  205  43.269
157  207  26.715
157  208  112.349
157  210  311.464
157  211  89.996
157  212  26.07
158  203  46.504
158  204  50.526
158  207  18.036
158  209  339.309
158  210  350.978
158  211  147.428
159  203  56.753
159  209  323.724
159  210  378.125
159  211  208.206
160  201  36.759
160  208  62.196
160  209  318.612
160  210  412.211
160  211  210.633
160  212  30.689
161  200  25.124
161  201  85.857
161  208  21.552
161  209  119.596
161  210  204.165
161  211  66.132
162  199  15.148
162  200  74.229
162  210  19.309
163  199  88.684
164  198  69.715
165  197  67.634
new 
115  78  21.462
115  79  37.733
115  80  25.246
116  77  27.486
116  78  148.307
116  79  304.706
116  81  33.871
117  76  24.409
117  77  97.267
117  78  348.573
117  79  443.353
117  80  398.949
117  81  99.696
118  75  23.243
118  76  95.798
118  77  262.272
118  78  478.487
118  79  481.036
118  80  373.614
118  81  80.65
119  74  27.167
119  75  106.667
119  76  267.847
119  77  445.813
119  79  349.097
119  80  194.042
119  81  32.797
120  72  15.784
120  73  47.174
120  74  168.811
120  75  306.087
120  76  409.796
120  77  508.181
120  78  270.281
120  79  284.173
120  80  130.121
120  81  15.948
121  71  32.459
121  72  96.948
121  73  243.763
121  74  335.898
121  75  336.335
121  76  573.556
121  77  227.465
121  78  166.08
121  79  271.19
121  80  96.741
122  70  44.414
122  71  251.639
122  72  347.89
122  73  371.247
122  74  325.775
122  75  212.982
122  76  113.738
123  70  128.651
123  71  384.976
123  72  378.655
123  73  303.07
123  74  163.596
123  75  41.724
123  77  29.85
123  78  193.577
123  79  272.576
123  80  60.61
124  70  52.725
124  71  265.655
124  72  254.824
124  77  28.543
124  78  218.645
124  79  266.664
124  80  50.915
125  71  28.45
125  72  25.596
125  77  29.429
125  78  228.332
125  79  254.999
125  80  48.696
126  77  31.736
126  78  234.104
126  79  255.723
126  80  41.044
127  77  46.918
127  78  246.136
127  79  264.9
127  80  45.214
128  77  58.721
128  80  51.131
130  79  271.403
130  80  52.808
132  76  26.393
132  78  374.095
132  79  310.303
133  76  27.746
133  77  240.981
133  79  289.302
133  80  39.318
134  77  109.415
134  78  252.398
134  79  139.258
134  80  15.284
new 
195  37  19.902
198  38  29.478
199  38  24.496
199  39  18.158
200  39  21.079
201  39  26.114
201  40  24.486
201  41  56.058
201  42  125.538
201  43  137.579
201  44  39.714
202  39  48.201
202  40  143.466
202  41  286.019
202  42  397.144
202  43  399.914
202  44  219.056
202  45  27.345
203  36  25.588
203  39  170.785
203  40  347.617
203  41  388.781
203  42  428.831
203  43  426.109
203  45  32.954
204  40  393.782
205  26  18.84
205  30  109.621
206  20  16.959
206  22  53.364
206  23  83.947
206  24  124.014
206  27  240.849
206  28  261.757
206  32  184.933
206  34  99.055
206  35  59.602
206  37  32.772
206  38  109.54
206  39  361.489
206  42  41.579
207  19  48.406
207  20  171.508
207  21  226.353
207  23  293.591
207  24  293.311
207  25  292.9
207  26  272.111
207  27  240.812
207  28  193.59
207  29  140.159
207  30  84.914
207  37  16.351
207  38  23.127
207  39  101.305
207  40  185.631
208  19  178.803
208  20  324.171
208  24  185.235
208  25  131.557
208  40  42.082
209  19  61.335
209  20  155.392
209  21  130.127
209  22  71.695
209  23  31.185
209  40  36.381
210  40  27.371
211  40  22.027
212  40  21.421
213  40  21.941
214  40  21.221
215  39  15.292
215  40  16.534
new 
119  109  49.424
120  110  48.348
120  111  60.25
120  112  31.742
120  113  107.986
120  114  30.359
121  112  21.057
121  113  83.626
121  114  85.617
121  115  25.794
122  114  51.07
122  115  74.085
122  116  81.969
122  117  79.387
122  118  31.291
123  118  44.335
123  119  101.571
123  120  110.924
124  120  41.514
124  121  46.725
124  122  82.523
124  123  39.156
125  123  30.228
125  124  91.484
125  125  61.297
125  126  20.656
126  116  15.48
126  126  35.822
126  128  38.601
126  129  19.912
127  116  15.832
127  129  55.207
127  134  24.255
128  116  27.679
128  130  89.731
128  132  421.988
128  135  17.178
129  116  23.556
129  130  32.491
129  132  400.435
129  135  21.575
130  116  21.716
130  131  59.328
130  132  151.023
130  133  212.178
130  134  58.153
131  131  29.594
131  132  17.912
131  133  22.881
132  115  23.468
133  115  20.029
134  115  22.045
134  131  17.933
135  115  21.729
136  115  23.122
137  115  17.694
137  131  18.785
138  132  16.294
139  114  24.505
139  132  17.433
140  114  24.232
141  114  24.858
141  132  17.795
142  114  31.707
143  114  16.818
143  132  20.857
144  132  43.187
145  132  20.328
145  133  24.125
146  114  17.386
147  113  32.662
147  132  22.144
148  110  21.709
148  111  51.179
148  112  64.669
148  113  61.562
148  114  15.275
148  132  28.511
149  109  20.638
149  110  98.747
149  111  308.148
149  112  358.523
149  113  232.576
149  114  61.485
149  115  16.404
149  132  23.685
150  109  52.486
150  110  288.901
150  111  476.883
150  112  523.202
150  113  479.061
150  114  190.239
150  115  36.558
151  109  60.904
151  110  331.783
151  111  495.286
151  112  515.165
151  113  526.385
151  114  328.952
151  115  63.846
152  109  39.652
152  110  231.191
152  111  491.827
152  112  524.798
152  113  527.143
152  114  356.167
152  115  68.828
153  111  300.038
153  112  441.648
153  113  429.973
153  114  205.371
153  115  39.622
154  110  22.136
154  111  66.227
154  113  133.741
154  114  46.646
155  112  22.993
155  113  20.837
new 
93  67  20.881
93  68  40.401
93  69  41.886
93  70  18.671
93  108  49.718
93  109  69.131
93  116  18.732
93  117  51.929
93  118  98.234
93  120  179.743
93  121  110.572
93  123  36.352
94  66  29.538
94  67  100.846
94  68  249.845
94  69  241.704
94  70  111.229
94  71  35.666
94  106  18.173
94  107  32.516
94  108  41.12
94  109  91.05
94  110  115.515
94  111  74.163
94  112  69.944
94  113  71.751
94  114  62.292
94  117  59.255
94  118  19.37
95  65  15.04
95  66  78.126
95  67  366.675
95  69  512.459
95  72  25.544
95  99  53.584
95  100  70.968
95  101  83.602
95  102  61.588
95  103  61.613
95  105  95.707
95  106  76.708
95  107  54.917
95  108  23.328
96  65  19.956
96  69  515.796
96  70  522.542
96  71  280.27
96  72  59.405
96  86  24.634
96  87  30.864
96  88  29.682
96  89  41.895
96  90  53.024
96  94  54.34
96  97  54.847
97  65  17.895
97  66  85.177
97  68  510.375
97  69  475.17
97  70  486.155
97  71  371.172
97  72  106.308
97  73  24.849
97  77  29.85
97  78  33.773
97  79  44.908
97  80  62.273
97  81  95.839
97  82  72.122
97  83  54.79
97  84  69.079
97  85  84.895
97  86  74.4
97  87  60.222
97  88  26.13
97  89  16.294
98  66  45.35
98  67  189.531
98  68  438.569
98  70  489.957
98  71  380.599
98  72  210.551
98  73  122.362
98  74  93.008
98  75  95.43
98  76  53.498
98  77  60.772
98  78  42.306
98  79  30.957
98  80  21.433
99  66  17.581
99  67  47.934
99  68  119.801
99  69  237.935
99  70  362.604
99  71  382.828
99  72  217.487
99  73  43.983
100  67  17.435
100  68  40.674
100  69  146.541
100  70  425.939
100  71  433.875
100  72  252.572
100  73  42.653
101  68  28.339
101  69  172.693
101  70  451.032
101  71  468.891
101  72  278.097
101  73  41.355
102  68  15.415
102  69  106.571
102  70  382.783
102  71  404.167
102  72  174.547
103  69  20.152
103  70  85.101
103  71  91.422
new 
188  1  20.195
188  2  18.321
188  3  20.918
188  4  20.759
188  5  17.903
188  6  18.796
188  7  16.602
188  8  15.461
188  9  18.42
188  10  22.071
188  11  18.94
188  12  19.97
188  13  18.884
188  15  16.992
188  16  19.432
188  17  21.327
188  18  17.074
188  19  18.119
188  20  16.241
188  21  16.75
188  22  20.19
188  23  19.989
188  24  17.295
188  25  18.26
188  28  16.621
188  29  19.297
189  1  215.769
189  2  198.582
189  3  230.621
189  4  229.021
189  5  203.008
189  6  215.046
189  7  210.485
189  8  181.028
189  9  216.642
189  10  234.28
189  11  207.59
189  12  212.861
189  13  211.915
189  14  191.372
189  15  190.917
189  16  206.813
189  17  229.154
189  18  190.781
189  19  191.107
189  20  191.028
189  21  193.117
189  22  222.419
189  23  219.397
189  24  185.469
189  25  206.552
189  26  199.844
189  28  197.457
190  1  16.14
190  2  16.724
190  3  21.994
190  4  22.051
190  5  18.919
190  6  17.476
190  7  17.152
190  8  15.981
190  9  20.699
190  10  21.02
190  11  20.853
190  12  23.549
190  13  22.601
190  14  23.29
190  15  33.098
190  16  47.815
190  17  61.04
190  18  52.213
190  19  57.487
190  20  61.898
190  21  60.549
190  22  84.176
190  23  79.244
190  24  51.931
190  25  53.676
190  26  41.019
190  28  27.558
190  29  25.512
190  30  21.954
190  31  21.711
new 
216  165  16.908
216  166  113.808
217  164  17.697
217  165  106.98
217  166  253.674
218  163  23.062
218  164  106.231
218  165  237.473
219  162  25.689
219  163  125.425
219  164  242.161
219  165  137.296
220  161  31.103
220  162  145.972
220  163  257.185
220  164  141.873
220  165  24.703
221  162  253.003
221  163  138.71
221  164  26.769
222  159  32.443
222  163  23.394
223  158  32.498
223  159  169.014
223  160  249.482
223  162  18.572
224  157  32.95
224  158  184.479
224  159  249.533
224  160  75.829
225  156  41.846
226  156  210.364
227  156  198.154
227  157  37.366
228  154  280.273
229  152  73.711
229  153  260.454
229  154  153.843
230  151  99.679
230  152  257.776
231  149  16.849
231  150  129.256
231  151  261.48
232  148  20.325
232  149  134.167
232  150  269.588
232  151  85.493
233  147  19.21
233  148  142.667
233  149  260.93
234  146  20.24
234  147  144.821
234  148  239.221
235  145  25.294
235  147  190.88
235  148  30.295
236  144  26.616
236  145  202.793
236  147  27.271
237  144  203.336
237  145  161.345
238  144  133.659
238  145  17.126
239  143  148.123
239  144  18.419
240  140  36.885
240  141  270.882
240  142  110.855
240  143  16.978
241  139  18.762
241  140  269.247
241  141  106.049
242  140  54.32
new 
144  163  22.497
145  163  67.555
146  164  149.564
148  163  157.446
149  162  22.284
150  162  55.664
150  163  160.585
151  162  70.93
151  163  137.349
152  162  94.987
152  163  89.775
154  162  141.251
154  163  29.677
155  161  30.176
155  162  148.6
155  163  18.987
156  161  76.553
156  162  174.747
156  163  15.704
157  160  17.141
157  161  102.43
157  163  18.115
158  160  93.356
158  161  182.663
158  163  42.875
159  160  367.232
159  161  390.558
159  162  268.27
160  158  116.054
160  160  524.721
160  161  517.731
160  162  441.687
161  158  147.814
161  160  504.662
161  161  512.297
161  162  429.963
161  163  146.625
161  164  52.398
162  159  323.415
162  161  470.767
162  162  345.581
163  159  164.41
163  162  184.216
163  163  66.948
163  164  28.248
164  162  133.162
164  163  41.239
165  158  54.907
165  159  272.515
165  160  111.295
165  161  230.291
165  162  145.869
165  163  25.904
166  157  17.825
166  158  152.212
166  159  283.331
166  160  53.039
166  161  191.479
166  162  173.668
166  163  21.766
167  157  33.784
167  158  262.459
167  159  178.459
167  160  33.021
167  161  141.797
167  162  207.853
167  163  24.643
168  157  83.795
168  158  326.542
168  159  76.639
168  160  15.486
168  161  91.652
168  162  231.953
168  163  26.951
169  156  26.111
169  157  210.971
169  158  241.519
169  159  31.354
169  161  57.056
169  162  263.737
170  156  48.252
170  157  320.891
170  158  99.839
170  161  33.144
170  162  277.152
170  163  33.968
171  155  18.477
171  156  165.146
171  157  309.827
171  158  38.836
172  155  41.308
172  156  315.835
172  157  161.146
172  158  20.176
172  162  225.301
172  163  61.121
173  155  69.04
173  156  361.825
173  157  53.354
173  161  21.858
173  162  210.334
173  163  113.722
174  154  31.872
174  155  256.053
174  156  249.151
174  157  32.089
174  161  17.655
174  162  169.184
174  163  190.258
174  164  21.117
175  154  36.827
175  155  374.679
175  156  57.696
175  162  84.044
175  163  227.072
175  164  23.962
176  163  299.457
176  164  25.82
177  163  261.687
177  164  24.23
178  163  186.997
178  164  16.615
new 
14  209  23.477
15  208  17.716
15  209  58.924
16  209  49.196
17  209  19.148
18  209  24.626
19  209  19.973
20  209  18.351
21  209  15.01
22  210  15.464
24  210  18.483
25  210  30.071
29  210  26.689
30  210  19.834
31  210  18.434
32  210  28.13
33  201  20.633
33  202  26.698
33  203  18.821
33  210  31.626
34  200  44.283
34  201  291.607
34  202  274.724
34  203  225.892
34  204  152.829
34  205  120.946
34  209  37.496
34  210  186.585
34  212  73.629
34  213  93.055
34  214  90.941
34  221  15.013
34  222  24.682
34  223  17.102
35  201  21.564
35  202  30.894
35  203  80.649
35  204  153.928
35  205  211.284
35  206  249.141
35  208  261.155
35  209  240.641
35  210  232.65
35  212  351.898
35  213  426.428
35  215  291.971
35  216  106.497
35  217  30.606
35  218  16.732
35  219  19.244
35  220  22.051
35  221  23.555
36  205  18.335
36  206  24.357
36  207  26.966
36  210  120.454
36  212  258.315
36  213  434.837
36  216  184.984
36  217  18.935
37  210  28.523
37  212  60.34
37  216  86.237
38  214  50.275
39  209  21.209
39  213  84.57
39  214  72.161
39  216  48.15
39  217  43.217
39  218  36.787
39  219  27.803
39  221  28.08
39  222  24.542
39  223  22.9
39  226  21.028
39  229  15.977
40  194  16.024
40  195  30.937
40  196  26.258
40  197  28.613
40  198  26.779
40  199  30.544
40  200  40.078
40  201  28.424
40  203  24.477
40  206  17.969
40  208  26.637
40  213  247.204
40  214  250.972
40  215  243.019
40  216  253.927
40  217  265.499
40  218  248.374
40  219  240.097
40  222  232.714
40  225  214.898
41  208  19.484
41  213  39.942
41  214  51.947
41  217  93.797
41  218  92.56
41  220  117.804
41  225  199.06
41  226  223.264
41  229  244.7
42  208  83.413
42  209  261.232
42  210  54.784
42  225  21.362
43  207  15.236
43  208  178.625
43  209  175.221
44  207  68.596
44  208  239.263
44  209  43.684
45  206  18.53
45  207  184.111
45  208  136.652
46  206  82.49
46  207  256.656
46  208  38.851
47  205  23.75
47  206  212.676
47  207  154.034
48  205  100.752
48  206  270.115
48  207  45.565
49  204  22.164
49  205  220.378
49  206  130.786
50  204  103.244
50  205  277.412
50  206  31.801
51  203  20.053
52  203  84.198
52  204  253.195
53  202  19.31
53  203  222.717
53  204  151.931
54  202  114.289
54  203  288.753
54  204  26.21
55  201  23.485
55  202  243.471
55  203  149.87
56  201  102.876
56  202  273.346
56  203  24.778
57  200  22.713
57  201  254.267
57  202  113.449
58  200  93.285
58  201  248.174
58  202  24.69
59  200  239.457
60  201  23.864
61  199  289.523
61  200  104.72
62  198  102.681
62  199  234.29
62  200  27.232
63  197  23.296
63  198  237.479
64  197  129.838
65  197  228.405
65  198  87.208
66  198  15.527
67  196  45.768
68  196  127.768
69  195  35.688
71  194  79.334
new 
229  202  16.412
230  201  53.672
230  203  65.105
230  205  33.261
230  209  18.874
231  199  49.765
231  200  95.891
231  201  183.392
231  205  61.754
231  206  32.381
231  208  21.385
232  198  18.804
232  199  89.357
232  200  231.349
232  201  457.188
232  202  488.723
232  206  70.367
233  199  105.298
233  200  362.835
233  201  505.964
233  202  548.38
233  203  536.781
233  205  169.178
234  199  107.328
234  200  321.295
234  201  538.358
234  202  587.918
234  203  558.839
234  205  267.141
235  200  248.357
235  201  495.643
235  202  546.337
235  203  530.181
235  204  533.794
235  205  304.168
235  206  157.109
235  210  34.048
235  211  41.668
235  212  42.306
235  213  17.255
236  201  413.058
236  202  492.831
236  204  444.35
236  205  290.42
236  206  99.898
236  207  50.343
236  212  28.412
236  213  21.698
236  214  38.385
236  215  53.769
236  216  30.577
236  217  66.098
236  218  83.476
236  219  41.298
236  220  29.125
237  202  229.017
237  203  239.644
237  222  23.34
237  224  117.765
237  226  45.741
237  227  64.968
237  228  38.849
237  229  38.532
237  230  34.421
238  205  206.427
238  206  276.772
239  205  76.869
239  206  196.023
239  207  253.598
239  208  102.887
239  209  18.394
240  205  16.991
240  206  93.094
240  207  152.88
240  208  266.692
240  209  86.185
240  210  15.099
241  206  18.663
241  207  137.574
241  208  139.207
241  209  258.783
241  210  73.482
242  207  41.143
242  208  150.597
242  209  129.094
242  210  287.61
242  211  58.81
243  208  93.861
243  209  173.558
243  210  139.221
243  211  261.404
243  212  50.243
244  209  145.841
244  210  62.335
244  211  180.092
244  212  290.843
244  213  40.075
245  209  22.551
245  210  148.691
245  211  39.121
245  212  194.075
245  213  241.83
246  210  74.44
246  211  121.617
246  212  35.37
246  213  259.737
246  214  217.255
247  211  142.56
247  212  46.653
247  213  38.697
247  214  262.273
247  215  163.074
248  211  17.795
248  212  154.35
248  213  18.453
248  214  24.763
249  212  76.438
249  213  135.904
250  213  142.454
250  214  31.954
251  214  163.454
new 
60  177  28.278
61  175  19.085
61  177  41.217
63  175  53.257
63  176  108.893
64  177  457.569
64  178  485.802
65  169  16.243
65  170  32.137
65  175  401.46
65  176  506.153
66  168  27.387
66  175  466.008
66  176  391.871
67  167  31.074
67  168  37.401
67  169  51.516
67  170  132.083
67  171  299.664
67  174  299.26
67  176  67.275
68  165  24.293
68  168  95.443
68  174  65.308
68  175  48.521
69  163  28.633
69  166  72.858
69  168  354.385
69  172  70.531
69  174  41.886
70  161  34.203
70  162  43.992
70  163  49.686
70  165  160.471
70  171  44.873
70  172  41.38
71  160  58.727
71  161  77.058
71  162  86.67
71  163  160.536
71  166  337.076
71  169  38.158
71  171  29.457
71  172  25.241
72  159  57.301
72  160  211.99
72  161  390.57
72  162  372.015
72  163  358.451
72  164  346.491
72  166  92.949
72  168  32.71
72  169  29.736
72  170  23.037
73  159  94.651
73  161  503.757
73  162  468.289
73  163  312.691
73  164  142.582
73  165  55.462
73  168  16.983
74  158  26.068
74  159  110.529
74  160  376.245
74  161  488.321
74  162  437.294
74  163  150.145
74  164  57.665
74  166  15.87
75  154  42.5
75  155  32.165
75  156  37.842
75  157  34.639
75  158  35.315
75  159  42.654
75  160  154.698
75  161  340.252
75  162  179.042
75  163  63.996
75  164  39.053
76  154  22.161
76  155  34.845
76  156  17.17
76  160  83.29
76  161  248.331
76  163  41.557
77  160  79.327
77  161  231.387
78  160  88.909
78  161  212.711
79  160  109.295
79  161  195.964
79  162  18.159
80  160  132.844
80  161  180.661
81  160  168.028
81  161  153.334
82  160  176.084
82  161  142.835
83  159  15.2
83  160  179.185
83  161  110.907
84  159  18.152
84  160  204.821
84  161  96.401
85  159  23.732
85  160  228.694
85  161  83.106
86  159  26.685
86  160  239.521
86  161  62.668
87  159  31.758
87  160  245.314
87  161  49.901
88  159  37.187
88  160  262.588
88  161  43.707
89  159  39.271
89  160  255.017
89  161  35.704
90  159  42.905
90  160  251.113
90  161  29.887
91  159  53.579
91  160  257.583
91  161  26.957
92  159  56.186
92  160  241.601
92  161  25.808
93  159  75.595
93  160  257.459
94  159  87.928
94  160  251.368
94  161  25.147
95  159  83.503
95  160  216.34
97  160  219.49
98  159  163.147
98  160  201.657
98  161  20.466
99  158  18.682
99  159  190.841
99  160  182.86
99  161  18.553
100  158  21.944
100  159  210.766
100  160  146.326
100  161  15.248
101  158  23.341
101  159  224.348
101  160  120.579
102  158  25.651
102  159  244.881
102  160  108.619
103  158  29.894
103  159  257.324
103  160  94.906
104  158  34.898
105  158  37.422
105  159  291.325
105  160  66.338
106  158  42.794
106  159  331.024
106  160  54.864
107  158  43.914
107  159  346.114
107  160  59.319
108  158  39.997
108  159  350.448
108  160  136.577
109  158  20.44
109  159  195.704
109  160  29.73
new 
159  253  25.214
160  253  42.237
162  252  17.702
163  251  32.736
164  251  26.741
165  250  27.01
166  250  22.029
167  249  25.31
168  248  23.401
168  249  44.92
169  247  66.114
169  248  126.029
169  249  19.833
170  245  16.542
170  247  98.772
170  248  21.934
171  244  47.514
171  245  95.814
171  246  40.042
172  242  22.642
172  243  108.189
172  244  99.185
173  241  52.196
173  242  100.083
173  243  43.286
174  239  21.977
174  240  103.737
174  241  102.987
174  242  15.353
175  238  63.458
175  239  118.472
175  240  53.986
176  237  103.205
176  238  93.63
177  235  158.548
177  236  105.049
177  237  38.402
179  231  32.411
179  232  121.951
180  230  94.816
180  231  145.494
181  228  73.707
181  229  141.035
181  230  65.691
182  226  74.761
182  227  162.207
182  228  122.686
182  229  20.214
183  224  42.488
183  225  154.152
183  226  211.552
183  227  55.432
184  224  174.58
184  225  108.28
184  226  18.563
185  221  26.964
185  222  165.412
185  224  23.869
186  220  74.174
186  221  172.764
186  222  93.421
187  218  21.215
187  219  134.915
187  220  147.999
187  221  40.702
188  217  61.243
189  217  191.513
189  218  39.537
190  214  55.806
190  215  205.199
190  216  157.764
190  217  19.475
191  212  18.459
191  213  143.781
191  214  201.627
191  215  38.758
192  210  18.429
192  211  67.76
192  212  226.262
192  213  124.948
192  214  18.594
193  208  15.788
193  209  28.548
193  210  205.523
193  211  237.33
193  212  31.001
194  207  28.786
194  208  152.423
194  209  296.58
194  210  92.21
194  211  22.575
195  207  317.92
195  208  235.802
195  209  28.149
195  210  15.715
196  205  19.172
196  206  327.758
196  208  22.462
197  206  18.382
new 
108  85  31.044
109  85  40.926
109  86  75.033
109  87  49.564
110  87  22.027
110  88  53.522
110  89  81.176
110  90  21.678
111  90  45.646
111  91  70.792
111  92  44.491
112  92  35.855
112  93  58.844
112  94  43.673
113  95  42.3
113  96  56.91
113  97  35.415
113  103  51.13
113  104  48.905
114  97  41.783
114  98  67.219
114  99  59.683
114  100  36.942
114  103  269.87
115  99  38.956
115  100  104.134
115  101  267.343
115  102  441.296
115  103  496.583
115  104  483.288
115  105  453.568
115  106  238.676
115  107  52.389
116  99  19.1
116  100  99.074
116  101  426.002
116  102  553.08
116  103  462.696
116  104  461.025
116  105  519.463
117  99  23.298
117  100  112.592
117  101  441.987
117  102  470.005
117  103  370.898
117  104  432.007
117  105  514.043
117  106  433.221
117  107  121.989
117  108  20.966
118  99  18.901
118  100  90.315
118  101  378.175
118  102  564.335
118  103  529.308
118  104  518.381
118  105  511.559
118  106  344.202
118  107  76.453
119  100  89.475
119  101  329.389
119  102  327.523
119  103  376.91
119  104  342.387
119  105  286.81
119  106  110.995
119  107  29.425
120  99  18.081
120  100  205.866
120  101  101.028
120  102  72.804
120  103  77.487
120  104  63.541
120  105  56.512
120  106  26.034
new 
96  56  183.303
97  56  135.418
98  56  108.268
99  56  68.013
100  54  111.281
100  56  57.657
102  54  186.464
102  55  229.862
102  56  29.495
103  53  21.491
103  54  204.115
103  55  192.679
106  53  60.156
106  54  243.501
107  53  94.118
107  54  252.856
108  53  128.509
108  54  252.572
108  55  45.366
109  53  156.578
109  54  230.014
109  55  30.344
110  52  18.622
110  53  187.929
110  54  207.248
110  55  20.231
111  52  28.547
111  53  216.38
111  54  172.232
112  52  43.378
112  53  242.996
112  54  145.908
113  52  56.394
113  53  238.194
113  54  100.705
114  52  90.033
114  53  258.297
114  54  71.767
115  52  106.032
115  53  219.072
115  54  40.338
116  53  219.455
116  54  29.827
117  51  15.679
117  52  173.59
117  53  193.673
117  54  18.732
118  51  24.049
118  52  208.115
118  53  152.434
119  51  36.239
119  52  229.381
119  53  132.078
120  51  61.078
120  52  252.87
120  53  106.817
121  51  83.099
121  52  247.905
121  53  69.688
122  51  107.509
122  52  238.287
122  53  45.191
123  51  140.93
123  52  221.574
123  53  30.706
124  51  172.634
124  52  196.056
124  53  20.951
125  50  20.487
125  51  204.619
125  52  176.413
126  50  30.424
126  51  219.469
126  52  141.24
127  50  38.625
127  51  230.756
127  52  109.264
128  50  50.688
128  51  219.155
128  52  69.394
129  50  72.258
129  51  219.201
129  52  47.06
130  50  102.321
130  51  220.248
130  52  34.949
131  50  133.4
131  51  202.155
131  52  26.138
132  49  15.157
132  50  159.553
132  51  190.929
133  49  21.367
133  50  191.685
133  51  163.461
134  49  31.06
134  50  227.792
134  51  152.06
135  49  38.901
135  50  232.356
135  51  111.368
136  49  49.575
136  50  233.505
136  51  80.474
137  49  69.128
137  50  224.962
137  51  50.651
138  49  97.731
138  50  223.77
138  51  38.991
139  49  131.196
139  50  224.812
139  51  32.611
140  49  159.544
140  50  199.713
140  51  21.53
141  48  16.119
141  49  183.261
141  50  170.842
141  51  17.944
142  48  23.303
142  49  210.584
142  50  148.453
143  48  27.558
143  49  205.911
143  50  101.954
144  48  42.421
144  49  216.455
144  50  73.07
145  48  67.095
145  49  216.279
145  50  46.312
146  48  101.566
146  49  217.769
146  50  33.675
147  48  110.629
147  49  177.099
147  50  18.712
148  49  156.916
149  49  132.43
150  49  101.704
151  49  76.143
154  48  179.169
155  47  158.215
156  46  17.537
156  47  180.491
156  48  130.318
157  46  30.904
157  47  211.448
157  48  110.161
158  46  36.908
158  47  209.501
158  48  69.932
159  46  54.422
159  47  199.027
159  48  41.444
160  46  89.028
160  47  208.056
160  48  32.449
161  48  21.97
163  45  18.25
163  46  170.002
163  47  125.269
164  45  30.251
164  46  216.072
164  47  111.504
165  45  63.881
165  46  243.265
165  47  101.537
166  44  29.128
166  45  120.524
166  46  255.97
166  47  98.471
166  48  18.029
167  42  19.997
167  43  43.69
167  44  102.898
167  45  271.839
167  46  340.627
167  47  210.834
167  48  55.508
168  41  30.168
168  42  80.163
168  43  149.142
168  45  472.433
168  46  492.674
168  47  471.813
168  48  205.009
168  49  32.589
169  40  31.16
169  41  101.845
169  42  342.602
169  43  475.574
169  45  510.814
169  46  520.18
169  47  474.556
169  48  282.55
169  49  42.451
170  40  76.457
170  41  497.239
170  42  123.402
170  43  486.336
170  44  445.894
170  45  462.814
170  46  503.3
170  47  474.208
170  48  186.843
170  49  31.2
171  40  24.538
171  41  74.14
171  42  72.559
171  44  120.767
171  45  230.277
171  46  287.277
171  47  183.408
171  48  50.915
172  41  15.233
172  42  22.919
172  44  30.022
172  45  41.452
172  46  50.851
172  47  32.962
new 
38  239  152.7
39  239  16.976
41  243  17.573
41  244  21.45
42  241  15.742
42  242  40.076
42  243  85.478
42  247  18.195
43  241  43.332
43  242  167.448
43  243  397.342
43  248  23.434
44  240  22.769
44  241  111.236
44  242  417.558
44  243  525.934
44  248  65.732
44  249  33.2
44  250  20.006
45  240  31.588
45  241  182.746
45  242  503.105
45  248  217.909
45  249  114.101
45  250  78.339
45  251  34.948
45  252  32.994
45  254  51.785
45  255  39.909
46  240  30.957
46  241  172.384
46  242  472.997
46  243  562.944
46  246  502.932
46  248  547.806
46  249  347.467
46  250  91.695
46  251  20.026
47  240  31.673
47  241  95.779
47  242  321.417
47  243  451.334
47  244  466.159
47  245  510.177
47  246  500.286
47  248  433.73
47  249  518.675
47  250  174.174
47  251  30.452
48  239  15.324
48  240  33.069
48  241  36.219
48  242  78.233
48  243  162.545
48  244  180.919
48  245  279.731
48  246  500.765
48  249  508.922
48  250  165.979
49  238  23.531
49  239  22.445
49  242  21.908
49  243  35.2
49  244  47.183
49  245  82.474
49  246  160.643
49  247  352.609
49  249  288.217
49  250  71.767
50  237  24.351
50  244  17.794
50  245  27.47
50  246  44.225
50  247  82.761
50  249  60.895
50  250  23.95
51  236  15.072
51  247  15.866
53  232  32.952
53  233  19.192
54  231  21.056
54  232  16.106
55  229  18.812
56  227  18.536
56  228  22.7
57  226  16.072
new 
151  254  26.991
152  254  74.5
152  255  19.844
153  251  56.385
153  252  48.341
153  253  22.119
154  248  22.664
155  245  17.054
155  246  35.612
155  247  20.908
156  242  27.154
156  243  87.093
156  244  53.925
157  240  19.347
157  241  21.607
157  243  28.071
158  237  19.522
158  238  29.488
158  239  19.444
159  225  20.014
159  226  51.683
159  227  75.034
159  228  60.112
159  229  26.449
159  236  42.413
160  224  20.176
160  225  86.253
160  226  272.177
160  227  393.479
160  228  325.865
160  229  126.86
160  231  23.126
160  232  31.52
160  233  17.928
161  224  51.482
161  225  257.748
161  226  492.987
161  227  509.205
161  228  475.563
161  229  354.214
161  230  100.145
161  231  24.954
162  225  360.332
162  226  514.997
162  227  533.35
162  228  523.028
162  229  448.951
162  230  105.171
162  231  21.981
163  224  55.349
163  225  279.553
163  226  493.761
163  227  485.884
163  228  494.961
163  229  362.741
163  230  106.406
163  231  28.34
164  225  100.113
164  226  280.581
164  227  392.26
164  228  408.261
164  229  409.634
164  230  271.438
164  231  64.218
164  232  18.69
165  225  24.551
165  226  55.53
165  227  101.002
165  228  188.196
165  229  355.28
165  230  389.85
166  227  22.387
166  228  45.309
166  229  133.891
166  230  357.313
166  231  410.772
166  232  235.792
166  233  67.95
167  229  33.942
167  230  135.259
167  231  371.917
167  232  431.895
167  235  24.754
168  230  35.83
168  231  151.836
168  232  384.469
168  234  300.975
168  235  99.966
168  236  27.236
169  231  37.994
169  232  153.453
169  234  495.512
169  235  372.009
169  236  82.261
170  232  44.636
170  233  175.379
170  234  469.336
170  236  174.976
170  237  20.817
171  234  205.53
171  236  74.225
172  234  32.332
new 
25  138  47.369
25  139  24.156
26  137  82.937
26  138  27.814
27  136  54.366
28  135  62.5
28  136  15.153
29  134  79.011
29  135  15.577
30  133  65.336
31  132  71.484
33  130  66.796
34  129  51.171
35  127  16.796
35  128  56.308
36  126  20.537
36  127  70.608
37  125  34.225
37  126  61.539
38  124  25.271
38  125  52.452
39  123  43.983
39  124  59.557
40  122  33.539
40  123  48.082
41  121  53.079
41  122  44.622
42  120  58.49
42  121  47.193
43  119  81.253
44  118  73.066
44  119  32.426
45  118  28.06
47  115  50.243
47  116  18.342
48  114  64.85
49  112  22.151
49  113  63.242
50  111  15.25
50  112  63.809
51  110  23.053
51  111  59.377
52  109  25.759
52  110  52.806
53  108  37.701
53  109  55.862
54  105  33.339
54  106  24.056
54  107  49.273
54  108  65.047
55  104  222.174
55  105  242.41
55  106  152.174
55  107  74.834
56  102  22.524
56  105  505.761
56  106  397.371
56  107  74.172
57  102  25.763
57  103  205.023
57  104  456.6
57  105  516.999
57  106  430.379
57  107  85.692
58  103  73.79
58  104  315.664
58  105  407.661
58  106  238.012
58  107  35.744
59  104  49.79
59  105  65.101
59  106  37.324
new 
139  200  20.427
139  201  36.996
139  202  63.121
139  203  45.986
140  198  24.682
140  199  35.863
140  200  64.757
140  201  209.738
140  202  375.971
140  203  290.143
140  204  47.94
141  196  15.613
141  198  43.007
141  199  118.096
141  200  288.537
141  201  397.946
141  202  420.922
141  204  48.281
142  194  16.495
142  195  21.192
142  196  32.58
142  197  55.045
142  201  311.426
142  202  199.794
142  204  26.421
143  193  19.404
143  194  27.148
143  195  51.564
143  196  168.405
143  197  308.86
143  198  316.528
143  200  162.743
143  201  60.85
143  202  43.626
143  203  21.181
144  191  15.494
144  192  22.255
144  193  40.693
144  194  151.999
144  195  305.671
144  196  343.67
144  198  126.627
144  199  47.452
144  200  38.052
144  201  23.361
145  190  17.692
145  191  29.94
145  192  106.32
145  193  275.575
145  194  320.77
145  195  234.545
145  196  108.598
145  197  35.019
145  198  28.58
145  199  20.718
146  189  26.039
146  190  76.146
146  191  229.06
146  192  309.924
146  193  252.588
146  194  104.455
146  197  20.323
147  187  23.001
147  188  51.525
147  189  186.592
147  190  302.087
147  191  244.16
147  192  107.14
147  193  33.209
147  194  20.602
147  195  16.774
148  185  17.607
148  186  37.31
148  187  152.787
148  189  265.243
148  190  117.35
148  191  32.926
148  192  21.631
149  184  33.304
149  185  116.323
149  186  265.487
149  187  271.626
149  188  123.355
149  189  34.881
149  191  16.5
150  182  25.145
150  183  80.126
150  184  240.613
150  185  290.635
150  186  160.552
150  187  40.518
150  188  20.901
151  180  18.684
151  181  49.66
151  182  182.984
151  183  278.57
151  184  196.276
151  185  56.078
151  186  23.41
152  178  18.02
152  179  37.181
152  180  138.653
152  184  25.981
153  176  16.371
153  177  35.872
153  178  139.577
153  179  240.917
154  176  128.876
154  177  263.198
154  178  221.098
154  179  66.723
155  172  16.388
155  173  25.838
155  174  119.608
155  175  257.325
155  176  216.715
155  177  76.782
155  178  24.263
156  170  15.377
156  171  25.563
156  173  260.594
156  174  226.09
156  175  78.368
156  176  23.911
157  169  22.04
157  173  74.44
157  174  20.663
158  166  15.095
158  167  24.33
158  168  136.443
158  169  257.819
158  170  199.77
159  164  16.447
159  165  27.137
159  166  152.058
159  167  239.753
159  168  200.65
159  169  51.848
159  170  17.299
160  163  27.351
160  164  151.908
160  165  273.713
160  166  186.731
160  167  38.578
160  168  16.126
161  161  23.705
161  162  140.98
161  163  241.728
161  164  167.486
161  165  29.743
162  159  18.685
162  160  82.806
162  162  209.352
162  163  39.832
162  164  16.169
163  157  15.084
163  158  47.735
163  159  216.331
163  160  204.411
163  161  42.515
163  162  19.625
164  156  29.138
164  157  171.069
164  158  243.323
164  159  80.797
164  160  17.671
165  154  25.253
165  155  147.142
165  156  240.268
165  157  145.544
165  158  24.022
166  152  19.073
166  153  89.459
166  154  240.918
166  155  190.24
166  156  29.353
167  152  225.615
167  153  228.772
167  154  35.308
168  149  23.944
168  150  195.794
168  151  188.926
168  152  57.973
168  153  20.413
169  147  15.422
169  148  126.364
169  149  190.59
169  150  78.177
170  146  77.224
170  147  210.411
170  149  16.492
171  144  35.134
172  142  22.192
172  143  148.363
172  144  253.574
172  145  71.702
173  140  16.162
173  141  76.745
173  142  250.094
173  143  152.704
173  144  23.889
174  138  15.454
174  139  27.562
174  140  201.822
174  141  256.012
174  142  53.932
175  137  24.902
175  138  189.528
175  139  210.675
175  140  57.307
175  141  19.271
176  135  18.825
176  136  75.129
176  137  236.151
176  138  148.293
176  139  20.436
177  134  29.415
177  135  243.091
177  136  197.937
177  137  25.627
178  132  30.285
178  133  144.402
178  134  207.553
178  135  39.326
178  136  15.037
179  131  120.713
179  132  255.028
179  133  108.532
179  134  15.468
180  129  46.091
new 
113  6  62.384
114  3  32.165
114  6  92.856
115  3  71.164
116  3  145.868
118  1  25.948
118  2  191.049
119  1  51.096
119  2  302.004
119  3  458.132
119  4  353.304
119  6  50.793
119  7  15.91
120  1  48.85
120  2  153.551
120  3  339.782
120  4  290.898
120  7  143.618
120  8  42.709
121  2  70.476
121  3  195.847
121  4  70.726
121  7  301.303
121  8  244.942
121  9  125.851
122  2  67.067
122  3  171.051
122  4  23.401
122  7  166.992
122  8  277.109
122  9  314.217
122  11  135.124
122  12  41.427
123  2  81.852
123  3  164.62
123  7  18.492
123  8  62.32
123  9  178.283
123  11  311.568
123  12  251.391
123  13  133.011
123  14  42.503
123  15  17.685
124  2  100.862
124  3  147.355
124  9  22.984
124  11  175.096
124  12  288.349
124  13  320.291
124  14  261.667
124  15  134.371
124  16  45.249
124  17  20.711
125  2  128.971
125  3  135.253
125  12  63.375
125  13  186.836
125  14  297.958
125  15  325.072
125  16  274.971
125  17  168.22
125  18  61.178
125  19  25.336
126  2  138.981
126  13  24.306
126  14  75.453
126  15  197.158
126  16  314.957
126  17  367.282
126  18  305.141
126  19  189.527
126  20  73.999
126  21  28.236
127  3  79.961
127  15  24.217
127  16  70.108
127  17  189.208
127  18  294.842
127  19  353.141
127  20  312.795
127  21  218.06
127  22  92.016
127  23  32.93
128  2  186.213
128  3  60.306
128  17  24.631
128  18  61.118
128  19  175.165
128  20  300.146
128  21  385.297
128  22  357.319
128  23  237.675
128  25  35.33
129  2  182.136
129  3  34.514
129  19  23.366
129  20  63.276
129  21  188.129
129  22  329.64
129  23  403.185
129  25  210.957
129  26  85.653
129  27  33.478
130  2  175.137
130  3  24.701
130  21  25.573
130  22  82.829
130  23  237.435
130  24  387.945
130  25  433.871
130  26  360.998
130  27  204.339
130  28  76.209
130  29  24.094
131  3  17.615
131  24  139.972
131  25  330.846
131  26  442.715
131  27  459.195
131  28  354.382
131  29  119.619
132  1  40.404
132  24  25.267
132  25  86.594
132  26  291.514
133  25  17.217
133  26  58.581
133  29  137.326
134  1  98.474
134  2  156.442
137  1  167.325
137  2  54.412
138  1  244.028
138  2  53.043
139  1  224.406
139  2  29.393
140  1  208.109
140  2  22.967
141  1  212.596
141  2  21.024
142  1  208.06
142  2  16.035
143  1  140.361
144  1  101.822
146  1  41.949
147  1  25.374
new 
141  102  42.108
142  102  30.196
144  103  23.544
145  103  15.376
147  104  23.858
148  105  15.593
149  105  22.847
150  105  16.811
152  106  22.18
154  107  17.794
156  108  23.757
157  108  16.554
159  109  21.846
160  109  24.828
161  109  28.122
161  110  39.318
162  110  35.545
163  110  17.916
164  111  21.245
165  111  94.588
166  111  27.656
166  112  15.972
167  112  20.335
168  112  23.257
169  112  16.431
169  113  44.247
169  114  48.077
169  116  27.22
170  112  42.27
170  113  181.843
170  117  34.781
171  111  16.748
171  112  132.717
171  113  395.492
171  114  466.758
171  115  490.336
171  118  25.901
172  111  21.177
172  114  512.504
172  115  532.686
172  116  460.184
172  118  115.476
172  119  42.159
172  120  19.847
173  116  389.964
173  119  263.38
173  120  169.366
173  122  30.181
174  112  22.191
174  114  244.179
174  115  272.849
174  117  76.496
174  118  120.013
174  120  255.914
174  121  284.08
174  122  275.413
174  123  168.893
174  124  83.748
174  125  37.56
174  126  22.28
175  113  17.012
175  115  45.197
175  116  26.422
175  119  30.209
175  120  33.408
175  121  66.005
175  122  144.091
175  123  213.719
175  124  293.535
175  125  290.872
175  126  203.529
175  127  102.994
175  128  48.174
175  129  28.194
176  123  22.48
176  124  46.102
176  126  209.184
176  127  318.038
176  128  346.019
176  129  275.29
176  130  108.909
176  131  48.467
176  132  32.288
177  126  21.97
177  127  36.821
177  128  90.036
177  129  204.295
177  130  311.268
177  131  340.493
177  132  275.531
177  133  92.523
177  134  47.98
177  135  30.563
178  129  21.639
178  130  38.825
178  131  67.044
178  132  195.199
178  133  341.859
178  134  360.142
178  135  293.438
178  136  41.88
179  132  21.32
179  133  42.499
179  134  52.992
179  135  197.353
179  136  259.395
179  137  18.415
180  135  18.051
180  136  22.303
new 
38  121  28.055
40  119  19.322
40  120  22.174
41  119  37.584
42  116  33.073
42  117  111.327
42  118  97.472
42  119  17.76
43  115  50.286
43  116  199.522
43  117  367.398
43  118  326.316
43  119  58.74
44  114  132.841
44  115  240.326
44  116  318.893
44  117  378.328
44  118  348.111
44  119  82.951
45  111  20.498
45  112  76.766
45  114  304.335
45  115  310.171
45  119  63.485
45  120  52.169
46  111  161.802
46  112  272.789
46  120  54.026
46  121  63.428
47  110  253.84
47  111  313.04
47  112  281.169
47  113  184.95
47  115  16.011
47  121  41.742
47  122  74.348
48  106  29.385
48  107  94.076
48  110  330.328
48  111  254.56
48  112  109.434
48  113  25.632
48  122  22.318
48  123  129.426
48  124  27.463
49  104  23.581
49  105  62.594
49  106  199.694
49  107  308.343
49  108  340.544
49  109  305.82
49  110  187.318
49  111  55.34
49  123  35.432
49  124  97.853
49  125  73.067
49  127  107.847
50  103  58.4
50  104  163.232
50  105  285.975
50  106  357.385
50  107  365.702
50  108  277.877
50  109  115.139
50  110  27.025
50  123  23.649
50  124  18.106
50  126  72.716
51  101  46.679
51  102  156.925
51  103  292.863
51  104  356.676
51  105  372.051
51  106  331.036
51  107  224.327
51  108  65.635
51  109  17.996
51  123  44.669
51  126  33.933
51  127  153.706
52  100  41.395
52  101  269.154
52  102  383.338
52  103  387.635
52  104  397.642
52  105  317.311
52  106  153.216
52  107  38.556
52  123  28.136
52  124  91.261
52  127  20.079
52  128  15.174
53  100  70.754
53  101  350.509
53  102  420.866
53  103  376.555
53  104  277.053
53  105  99.858
53  106  26.305
53  124  21.574
54  101  197.921
54  102  293.202
54  103  184.588
54  104  57.704
54  105  16.268
55  103  24.591
new 
88  102  22.124
88  104  330.749
89  102  99.504
89  103  290.703
89  104  331.465
89  105  257.034
90  101  80.377
90  102  272.019
90  103  339.778
90  104  264.451
90  105  83.178
91  100  63.775
91  101  237.03
91  102  306.147
91  103  236.822
91  104  74.756
92  99  63.293
92  100  229.275
92  101  303.868
92  102  214.616
92  103  57.342
93  98  38.292
93  99  207.588
93  101  205.352
93  102  47.332
94  98  155.57
94  99  294.523
95  96  15.167
95  99  203.202
96  96  108.5
96  97  257.477
97  95  72.274
97  96  248.199
97  97  244.495
97  98  73.43
98  94  54.84
98  95  220.594
98  96  252.21
98  97  92.409
99  95  254.251
99  96  103.468
100  89  18.14
100  92  39.466
100  93  182.387
100  96  17.813
101  89  120.915
101  90  217.638
101  91  99.465
101  92  175.927
101  93  265.608
101  94  149.872
102  89  328.367
102  90  413.852
102  91  293.178
102  92  281.501
102  93  187.0
102  94  34.895
103  86  23.917
103  87  98.088
103  89  434.666
103  90  433.139
103  91  336.963
103  92  251.369
103  93  63.382
104  86  48.457
104  87  259.117
104  89  532.257
104  90  506.737
104  91  389.527
104  92  161.75
104  93  32.578
105  85  15.457
105  86  59.135
105  89  519.248
105  90  510.69
105  91  407.527
105  92  100.827
105  93  22.906
106  85  23.942
106  86  76.077
106  87  302.645
106  88  489.921
106  89  509.722
106  90  515.143
106  91  314.103
106  92  72.452
106  93  16.193
107  85  34.975
107  86  129.229
107  87  414.485
107  88  504.428
107  89  502.402
107  90  408.894
107  91  150.119
107  92  40.267
108  84  17.317
108  85  68.775
108  86  277.988
108  87  507.841
108  88  501.204
108  89  515.849
108  90  353.543
108  91  85.063
108  92  26.375
109  84  25.187
109  85  108.19
109  86  436.673
109  87  541.295
109  88  504.521
109  89  503.706
109  90  238.341
109  91  55.767
109  92  16.548
110  84  26.69
110  85  141.585
110  86  515.431
110  87  545.446
110  88  514.158
110  89  470.498
110  90  146.334
110  91  35.614
111  84  16.941
111  85  86.25
111  86  387.283
111  87  504.997
111  88  487.654
111  89  322.42
111  91  20.914
112  85  32.703
112  86  120.679
112  87  244.996
112  88  206.678
112  89  85.124
113  86  56.053
113  87  41.511
113  88  36.834
113  89  20.102
114  85  17.727
114  86  27.687
115  85  35.28
116  85  102.735
117  84  44.571
new 
193  168  15.581
194  168  21.025
196  169  25.903
198  170  40.976
199  170  19.653
201  171  19.414
202  171  21.378
203  172  42.814
206  173  17.357
209  174  18.507
210  174  19.623
210  175  15.038
211  175  23.816
212  175  52.57
213  175  15.988
213  176  15.577
214  176  18.041
215  176  18.37
216  177  21.189
217  175  15.63
217  176  31.565
217  177  79.194
217  178  48.247
218  174  28.212
218  175  65.578
218  176  178.515
218  177  285.551
218  178  170.514
218  179  18.652
219  172  21.631
219  173  45.166
219  174  125.888
219  176  294.072
219  177  295.967
219  178  110.994
219  179  16.683
220  170  16.387
220  171  29.868
220  172  77.885
220  173  206.468
220  174  277.368
220  175  231.475
220  177  190.544
220  178  54.198
221  169  21.947
221  170  45.656
221  171  146.686
221  172  251.212
221  173  262.198
221  174  159.849
221  175  211.796
221  177  99.764
221  178  25.631
222  167  18.802
222  168  32.257
222  169  102.386
222  170  222.574
222  171  287.677
222  172  221.404
222  173  99.194
222  174  123.67
222  175  255.98
223  167  61.224
223  168  178.912
223  169  272.655
223  170  261.442
223  171  154.655
223  172  56.001
223  173  97.596
223  174  249.14
223  175  223.86
223  176  50.524
224  167  246.183
224  168  291.683
224  169  211.593
224  170  86.146
224  171  38.733
224  172  41.621
224  173  194.14
224  174  249.726
224  175  121.371
224  176  25.627
225  162  17.19
225  165  217.511
225  167  259.377
225  168  140.363
225  169  44.487
225  170  29.473
225  171  36.172
225  172  134.507
225  173  205.792
225  174  207.07
225  175  38.571
225  176  22.787
226  161  28.092
226  162  75.938
226  167  73.21
226  168  30.372
226  169  24.016
226  170  30.043
226  171  136.203
226  172  233.367
226  173  258.596
226  174  98.412
226  175  18.998
226  176  25.384
226  177  20.994
227  159  17.702
227  160  53.517
227  161  152.889
227  162  265.856
227  163  292.813
227  166  32.791
227  167  21.226
227  169  15.648
227  170  32.67
227  171  212.016
227  172  182.038
227  173  182.995
227  174  30.458
227  176  24.876
228  158  37.745
228  159  111.095
228  160  240.189
228  161  317.242
228  162  297.157
228  163  184.628
228  169  16.949
228  170  167.104
228  171  118.943
228  172  268.703
228  173  60.603
228  176  32.998
229  156  26.411
229  157  77.784
229  158  201.927
229  159  298.087
229  160  306.275
229  161  259.178
229  162  114.389
229  163  40.073
229  164  17.974
229  170  32.294
229  171  222.141
229  172  163.652
229  173  22.317
229  176  32.687
230  154  31.333
230  155  71.696
230  156  180.183
230  157  292.98
230  158  341.286
230  159  320.413
230  161  68.843
230  162  24.779
230  169  15.529
230  170  105.002
230  171  265.142
230  172  41.903
230  176  35.02
231  152  33.567
231  153  84.147
231  154  195.163
231  155  294.78
231  156  348.461
231  157  337.82
231  158  263.061
231  159  144.014
231  160  41.211
231  169  30.412
231  170  234.407
231  171  125.54
231  172  16.786
231  176  31.845
232  152  216.458
232  153  318.827
232  154  372.9
232  155  360.216
232  156  318.717
232  157  215.255
232  158  76.105
232  159  23.278
232  169  130.086
232  170  243.749
232  171  28.643
232  176  78.578
233  153  387.598
233  154  363.773
233  155  305.986
233  156  146.693
233  157  41.747
233  170  96.344
233  171  15.999
233  175  17.283
233  176  47.856
234  153  357.16
234  154  237.637
234  155  86.403
234  156  27.201
234  169  231.129
234  170  26.22
234  175  27.947
235  152  235.351
235  153  149.577
235  168  307.122
235  170  16.049
235  175  24.829
236  168  152.942
236  175  28.734
237  168  35.902
238  164  19.56
238  167  82.401
238  168  16.136
239  164  37.562
240  163  24.511
240  164  137.852
240  166  42.318
241  163  50.719
241  166  21.162
242  162  38.378
242  163  259.145
242  165  30.948
243  161  22.617
243  162  130.174
244  161  49.629
244  162  392.598
245  160  15.939
245  161  206.317
245  162  220.528
246  161  16.679
new 
108  168  176.49
108  169  185.862
108  170  19.821
109  168  19.067
109  169  269.69
109  170  138.65
110  169  47.948
110  170  288.164
110  171  87.948
110  172  15.263
111  170  56.996
111  171  296.892
111  172  81.3
111  173  15.923
112  170  15.172
112  171  130.267
112  172  315.938
112  173  60.568
112  177  16.181
112  178  30.518
112  179  34.757
112  180  46.725
112  181  32.414
113  172  165.745
113  173  245.458
113  174  44.978
113  175  19.377
113  176  36.27
113  177  52.089
113  178  82.197
113  179  117.115
113  180  57.189
113  181  63.407
114  172  24.961
114  173  197.054
114  174  216.605
114  175  56.455
114  176  55.134
114  177  93.118
114  178  375.502
114  179  450.352
114  180  216.28
114  181  77.174
114  182  34.758
115  173  46.862
115  174  246.47
115  175  176.036
115  176  82.12
115  177  240.511
115  178  463.012
115  179  457.126
115  181  59.264
115  182  51.224
116  173  26.769
116  174  99.78
116  175  280.614
116  176  186.198
116  177  391.473
116  178  484.172
116  179  366.122
116  180  94.362
116  181  43.575
116  182  66.459
117  173  29.145
117  174  60.269
117  175  164.094
117  177  419.055
117  178  399.433
117  179  147.505
117  181  22.849
117  182  32.926
118  173  32.957
118  174  65.727
118  175  185.139
118  176  439.058
118  177  411.892
118  178  254.323
118  179  75.475
118  180  39.388
119  173  31.858
119  174  68.313
119  175  325.211
119  176  537.652
119  178  158.592
119  179  52.855
120  173  24.627
120  174  70.265
120  179  33.438
121  174  44.182
121  175  82.909
121  176  73.533
122  175  26.398
122  177  16.016
new 
194  55  30.68
195  25  56.696
195  54  18.069
195  55  220.848
195  56  20.436
196  26  72.231
197  26  19.339
197  27  34.526
197  53  16.617
197  54  216.382
198  27  37.131
198  28  125.842
198  53  29.912
199  28  81.674
199  29  72.586
199  54  204.108
200  29  90.165
200  52  21.897
200  53  273.265
200  54  41.579
200  58  15.838
201  29  35.495
201  30  34.915
201  53  225.542
201  54  22.94
202  30  41.244
202  31  16.646
202  53  87.918
202  54  15.881
202  55  20.253
202  56  34.543
202  57  35.351
202  58  18.67
203  53  26.673
203  54  23.537
203  55  70.56
203  56  175.054
203  57  204.425
203  58  77.815
203  59  21.468
204  32  54.601
204  54  55.885
204  55  219.472
205  32  38.716
205  33  44.193
205  50  22.792
205  53  33.958
205  54  112.91
205  55  455.079
205  57  332.435
205  58  348.912
205  59  69.328
206  33  46.432
206  50  70.091
206  53  79.145
207  34  45.515
207  49  20.903
207  50  186.261
207  52  47.71
207  55  538.103
207  58  73.002
207  59  20.064
208  34  17.272
208  35  45.912
208  52  110.965
208  53  381.273
208  55  518.698
208  56  325.566
209  35  31.597
209  36  28.622
209  49  171.414
209  50  187.415
209  52  296.259
209  53  508.286
209  54  457.897
209  55  385.886
209  56  118.623
209  57  35.719
210  36  55.075
210  37  17.263
210  48  30.938
210  49  208.339
210  50  76.119
210  51  189.817
210  52  467.941
210  53  511.415
210  54  425.72
210  55  160.832
210  56  47.999
210  57  16.698
211  37  53.01
211  48  103.827
211  49  188.797
211  50  116.055
211  51  364.02
211  52  490.156
211  53  452.236
211  54  208.444
211  55  60.442
211  56  18.307
212  37  19.629
212  38  44.627
212  47  19.106
212  48  180.26
212  49  123.462
212  50  310.381
212  52  487.927
212  53  286.123
212  54  76.142
212  55  23.045
213  38  41.537
213  39  32.409
213  47  71.96
213  48  206.773
213  49  200.798
213  50  448.412
213  51  441.444
213  52  366.146
214  39  48.811
214  46  29.662
214  47  180.668
214  48  199.011
214  49  374.633
214  51  435.253
214  52  180.185
214  53  42.289
215  40  53.868
215  45  35.86
215  46  117.788
215  47  233.482
215  48  302.671
215  49  464.192
215  51  252.897
215  52  61.04
215  53  18.502
216  40  19.471
216  41  37.825
216  42  21.432
216  43  32.4
216  44  133.326
216  45  165.345
216  46  232.954
216  47  286.913
216  48  427.934
216  49  466.944
216  50  337.565
216  51  87.436
216  52  23.839
217  41  55.964
217  42  198.525
217  43  222.091
217  44  130.343
217  45  72.358
217  46  258.337
217  47  369.879
217  48  438.103
217  49  393.179
217  50  168.459
217  51  35.483
218  40  23.263
218  41  85.002
218  42  166.538
218  43  79.577
218  44  54.079
218  45  171.137
218  46  343.218
218  47  429.822
218  48  428.395
218  49  266.562
218  50  53.599
219  39  22.927
219  40  92.856
219  41  272.555
219  42  299.226
219  43  270.064
219  44  168.829
219  45  297.835
219  46  401.125
219  47  432.544
219  48  354.146
219  49  101.676
220  37  17.079
220  38  38.543
220  39  68.909
220  40  322.44
220  41  490.816
220  42  494.135
220  43  468.13
220  44  434.555
220  45  410.627
220  46  432.191
220  47  404.315
220  48  194.323
220  49  42.297
221  38  19.393
221  39  113.084
221  40  400.949
221  41  513.499
221  42  518.983
221  43  501.632
221  44  480.423
221  45  474.502
221  46  461.966
221  47  318.044
221  48  82.163
221  49  21.389
222  39  55.133
222  40  285.688
222  41  480.03
222  42  509.914
222  43  493.124
222  44  498.255
222  45  458.107
222  46  468.403
222  47  196.373
222  48  49.062
223  39  20.08
223  40  76.806
223  41  215.796
223  42  306.901
223  43  333.086
223  44  420.894
223  45  321.691
223  46  450.399
223  47  126.196
223  48  32.064
224  40  22.971
224  41  47.6
224  42  82.608
224  43  231.682
224  44  415.753
224  45  446.234
224  46  359.936
224  47  90.368
224  48  21.878
225  41  23.1
225  42  64.282
225  45  445.515
225  46  299.643
225  47  65.445
225  48  18.799
226  42  88.271
226  43  365.022
226  44  471.444
226  45  469.421
226  46  244.843
226  47  53.523
226  48  16.05
227  41  22.736
227  44  481.259
227  46  211.309
227  47  48.806
228  41  36.117
228  42  159.736
228  43  476.253
228  44  520.387
228  45  472.896
228  46  182.723
229  41  48.485
229  42  241.998
229  43  512.293
229  44  524.022
229  45  506.306
229  46  185.621
229  47  40.087
230  41  59.024
230  42  303.466
230  43  525.905
230  44  522.31
230  45  513.86
230  46  186.323
230  47  36.609
231  41  44.263
231  43  518.65
231  44  528.016
231  45  467.532
231  46  120.681
231  47  24.434
232  41  18.967
232  43  278.351
232  44  358.008
232  45  203.4
232  46  47.468
233  44  65.819
233  45  38.07
new 
1  77  258.412
1  78  80.642
2  78  231.938
2  79  54.207
3  77  46.004
3  78  235.329
3  79  188.895
3  80  21.131
4  78  96.445
4  79  241.839
4  80  106.406
5  80  220.223
5  81  41.942
6  79  35.509
6  80  218.784
6  81  151.506
7  80  105.351
7  81  232.428
7  82  69.031
8  80  22.499
8  81  189.374
8  82  171.294
8  83  20.27
9  83  88.42
10  81  15.862
10  83  175.892
10  84  26.888
11  82  56.544
11  83  210.247
11  84  96.328
12  83  127.793
12  84  210.742
12  85  40.838
13  83  41.151
13  84  221.887
13  85  141.15
14  84  120.829
14  85  223.146
15  84  30.093
15  85  196.036
15  87  16.101
16  85  120.067
16  86  256.37
16  87  78.569
17  85  33.112
17  86  203.675
17  88  16.91
18  86  95.179
19  87  207.572
19  88  187.202
19  89  23.18
20  88  258.414
20  89  94.893
21  88  218.439
21  89  202.394
21  90  24.293
22  88  118.918
22  89  259.977
22  90  98.895
23  88  29.011
23  91  23.641
24  89  109.176
24  90  254.812
24  91  98.271
25  89  33.503
25  90  225.823
25  91  222.966
25  92  30.157
26  90  136.887
26  91  273.88
26  92  87.43
27  90  40.519
27  91  236.598
27  92  210.132
27  93  30.292
28  91  143.682
28  92  289.254
28  93  107.516
29  91  52.062
29  92  260.433
29  93  226.306
29  94  29.348
30  91  17.729
30  92  179.111
30  93  301.89
30  94  109.809
31  92  91.836
31  93  296.343
31  94  206.196
31  95  29.995
32  92  38.975
32  93  236.303
32  94  303.754
32  95  92.263
33  92  18.372
33  93  149.445
33  94  328.707
33  95  222.309
33  96  26.112
34  93  56.529
34  94  286.8
34  95  322.414
34  96  87.648
35  94  185.307
35  96  218.114
35  97  33.998
36  96  349.548
36  97  121.861
36  98  17.345
37  94  34.989
37  95  241.391
37  97  275.048
37  98  48.823
38  97  384.025
39  95  59.027
39  96  316.973
39  97  423.823
39  98  261.411
39  99  29.162
40  95  15.861
40  96  115.492
40  97  247.814
40  98  97.201
40  99  29.493
41  97  23.511
43  101  19.399
45  103  34.25
new 
142  66  40.311
142  135  19.852
142  136  23.512
142  137  31.078
142  138  35.23
142  139  32.4
143  67  29.533
143  128  20.021
143  129  20.684
143  130  25.816
143  131  28.799
143  132  44.257
143  133  87.998
143  134  129.635
143  135  202.057
143  136  226.681
143  137  266.154
143  138  305.984
143  139  278.285
143  140  272.377
143  141  237.965
144  67  171.697
144  121  15.557
144  122  30.313
144  123  48.927
144  124  83.967
144  125  127.853
144  126  179.593
144  127  205.09
144  129  232.292
144  130  250.513
144  133  264.355
144  134  189.988
144  135  129.033
144  136  45.34
144  137  32.331
144  138  34.239
144  139  32.885
144  144  23.332
145  67  105.174
145  68  132.679
145  69  23.326
145  112  18.89
145  113  21.372
145  116  50.207
145  117  85.657
145  118  136.709
145  119  188.079
145  120  198.098
145  121  199.451
145  122  259.086
145  123  266.541
145  124  216.116
145  125  164.734
145  126  122.746
145  127  72.922
145  128  27.309
145  129  24.717
145  130  25.41
145  131  22.652
145  132  27.47
145  133  25.126
145  134  17.079
146  67  65.71
146  68  212.761
146  69  94.084
146  105  20.773
146  106  22.72
146  107  37.403
146  108  44.125
146  109  94.398
146  110  125.204
146  111  154.626
146  112  224.813
146  113  221.634
146  114  238.611
146  115  224.258
146  117  214.021
146  118  165.614
146  119  113.9
146  120  54.639
146  121  21.763
146  122  25.947
146  123  25.727
146  124  20.543
147  68  28.051
147  69  179.435
147  70  53.634
147  98  31.525
147  99  47.842
147  101  91.713
147  102  132.696
147  103  141.147
147  104  181.805
147  105  191.275
147  106  207.79
147  107  214.684
147  108  181.974
147  109  209.749
147  110  189.014
147  111  113.417
147  112  100.694
147  113  60.897
147  114  42.907
147  116  17.073
147  117  17.443
148  69  49.337
148  70  148.439
148  71  22.678
148  88  19.333
148  89  31.333
148  90  33.52
148  91  52.752
148  92  68.029
148  93  90.407
148  94  135.204
148  95  147.264
148  96  159.27
148  98  205.041
148  101  154.268
148  102  130.735
148  103  77.52
148  104  55.151
148  106  24.66
148  107  20.618
148  108  16.249
148  109  17.843
149  70  74.44
149  71  104.158
149  79  38.408
149  80  42.492
149  81  58.66
149  82  66.683
149  83  94.309
149  84  137.887
149  85  134.115
149  86  148.552
149  87  170.766
149  88  175.959
149  89  193.236
149  90  170.215
149  91  162.126
149  93  108.263
149  94  98.606
149  96  45.958
149  97  31.493
149  98  24.582
149  99  17.228
150  71  165.342
150  72  155.876
150  73  99.719
150  74  119.99
150  75  131.985
150  76  131.835
150  78  165.125
150  79  180.483
150  80  168.325
150  81  154.843
150  82  131.672
150  83  128.524
150  84  143.593
150  85  94.95
150  86  62.559
150  87  57.138
150  88  43.575
150  89  25.963
150  90  17.067
151  71  132.628
151  72  266.37
151  73  148.918
151  74  129.647
151  75  92.161
151  76  62.009
151  77  34.078
151  78  30.647
151  79  20.569
152  71  15.431
152  72  44.782
new 
180  246  99.004
181  245  87.731
182  244  86.468
182  245  27.731
183  243  68.287
184  242  35.221
184  243  55.12
185  241  39.883
185  242  81.875
186  241  100.622
187  240  91.49
187  241  15.878
188  239  70.013
188  240  25.766
189  238  57.566
189  239  37.08
190  237  45.75
190  238  51.123
191  232  35.155
191  235  41.462
191  236  54.671
191  237  95.715
192  231  60.107
192  233  333.356
192  234  315.321
192  235  211.952
192  236  166.269
192  237  36.48
193  230  31.652
193  231  186.507
193  232  433.074
193  233  498.416
193  234  500.411
193  235  468.456
193  236  247.553
193  237  42.262
194  233  506.139
194  234  532.496
194  235  520.561
194  236  315.797
194  237  57.896
195  230  35.143
195  231  193.44
195  232  463.851
195  233  496.931
195  234  506.653
195  235  468.423
195  236  245.255
195  237  44.143
196  230  15.925
196  231  74.416
196  232  292.324
196  233  412.824
196  234  424.131
196  235  293.566
196  236  88.336
196  237  19.351
197  231  20.442
197  232  56.187
197  233  102.942
197  234  117.609
197  235  57.926
197  236  22.226
198  233  28.519
198  234  23.277
200  233  27.339
203  232  25.998
206  232  16.981
207  231  51.847
208  231  20.177
209  231  28.332
210  231  32.319
new 
45  196  17.165
45  197  65.691
45  198  65.899
46  197  321.542
46  198  348.964
46  199  201.976
46  200  72.558
46  201  40.948
46  202  31.914
46  203  22.466
46  204  16.8
47  195  15.195
47  196  170.756
47  197  390.985
47  198  406.371
47  199  362.052
47  200  278.67
47  201  228.445
47  202  158.974
47  203  99.376
47  204  80.948
47  205  57.623
47  206  35.113
47  207  23.998
48  193  22.628
48  194  20.501
48  195  34.494
48  196  90.515
48  197  281.658
48  198  378.796
48  199  401.451
48  200  430.622
48  201  492.358
48  203  427.871
48  204  337.951
48  205  218.777
48  206  156.468
48  207  109.387
48  208  62.481
48  209  23.142
49  181  68.949
49  182  72.452
49  183  51.542
49  184  86.686
49  185  60.791
49  186  75.671
49  187  68.186
49  188  72.861
49  189  83.979
49  190  74.863
49  191  84.344
49  192  52.439
49  193  55.623
49  194  36.811
49  195  36.091
49  196  43.172
49  197  97.846
49  198  223.461
49  199  306.815
49  200  396.198
49  201  475.802
49  202  502.816
49  205  542.198
49  206  557.362
49  208  279.023
49  209  56.232
49  210  74.876
49  211  26.081
50  168  18.476
50  172  65.973
50  173  65.971
50  174  49.724
50  175  57.563
50  176  85.999
50  177  52.632
50  178  50.286
50  179  52.396
50  180  43.425
50  181  64.018
50  182  48.196
50  183  16.674
50  184  17.97
50  196  26.923
50  197  131.181
50  198  136.835
50  199  100.581
50  200  165.245
50  204  456.659
50  205  552.494
50  206  574.013
50  208  128.383
50  209  22.543
50  210  538.469
50  211  77.631
51  195  45.509
51  196  104.514
51  197  52.224
51  198  15.02
51  199  18.732
51  200  30.63
51  201  57.151
51  202  73.177
51  204  120.044
51  205  161.965
51  206  182.823
51  209  321.877
51  210  90.975
51  211  28.117
52  193  20.4
52  194  87.096
52  195  108.773
52  196  19.917
52  202  34.062
52  205  35.617
52  206  43.017
52  207  43.903
52  208  41.18
52  209  40.457
52  210  19.31
53  192  45.564
53  193  215.249
53  194  117.018
54  191  46.916
54  192  127.258
54  193  86.657
54  204  18.058
55  191  99.21
55  192  15.046
55  204  16.559
56  188  24.335
56  189  140.223
56  205  48.802
56  206  26.629
57  187  47.993
57  188  121.845
57  189  35.525
57  206  33.114
58  186  164.86
58  187  117.215
58  206  18.3
58  207  16.79
59  184  29.269
59  185  157.737
59  186  89.983
59  207  33.95
60  183  61.117
60  184  140.777
60  185  33.102
60  208  30.073
61  182  100.422
61  183  150.023
62  180  18.304
62  181  136.319
62  182  57.794
62  209  33.162
63  179  58.293
63  180  158.892
63  181  18.331
63  210  45.333
63  211  25.379
64  178  100.932
64  179  174.689
65  178  61.503
65  211  94.635
67  212  15.014
