new 
160  51  27.134
160  52  124.896
160  53  67.506
161  51  132.318
161  52  436.289
161  53  335.444
161  54  50.511
162  51  115.397
162  52  438.4
162  53  402.734
162  54  85.588
163  51  55.703
163  52  317.118
163  53  399.815
163  54  158.842
163  55  22.524
164  51  25.591
164  52  171.582
164  53  400.339
164  54  271.886
164  55  37.867
165  52  61.577
165  53  316.532
165  54  338.201
165  55  71.73
166  52  27.099
166  53  190.342
166  54  356.13
166  55  150.916
166  56  19.166
167  53  77.677
167  54  310.699
167  55  242.263
167  56  31.986
168  53  29.918
168  54  237.009
168  55  318.483
168  56  73.05
169  54  129.898
169  55  315.22
169  56  144.401
169  57  15.585
170  54  55.266
170  55  288.907
170  56  222.227
170  57  29.151
171  54  25.797
171  55  209.952
171  56  273.424
171  57  53.192
172  54  15.54
172  55  144.046
172  56  291.106
172  57  107.864
173  55  67.079
173  56  284.837
173  57  196.236
173  58  44.941
173  59  18.494
174  55  57.83
174  56  268.402
174  61  27.126
175  53  24.301
175  54  90.673
175  55  197.219
175  56  282.363
175  57  365.959
175  61  148.32
176  51  22.382
176  53  206.454
176  59  396.107
176  60  452.98
176  61  426.818
176  62  348.666
176  63  179.808
176  64  79.793
176  65  36.802
176  66  19.954
177  50  100.002
177  51  216.453
177  54  39.206
177  55  15.775
177  59  196.628
177  61  414.798
177  62  474.279
177  63  445.178
177  65  182.17
177  66  93.338
177  67  47.948
177  68  21.843
178  46  19.423
178  47  47.649
178  48  169.216
178  49  260.441
178  50  205.694
178  51  86.841
178  52  25.733
178  65  418.594
178  66  423.696
178  68  113.071
178  69  48.162
178  70  15.999
179  46  220.16
179  47  273.852
179  48  208.847
179  49  64.587
179  50  16.804
179  66  465.364
179  67  551.454
179  68  486.135
179  69  214.863
179  70  51.879
180  45  237.317
180  47  28.185
180  48  19.47
180  64  32.436
180  66  113.721
180  67  216.055
180  68  429.554
180  69  599.056
180  70  124.449
180  71  15.896
181  67  42.831
181  68  93.007
181  69  125.9
181  70  37.615
182  69  17.345
new 
79  223  16.134
79  224  21.203
79  225  20.389
79  226  15.809
80  212  25.89
80  213  99.947
80  214  93.979
80  215  72.978
80  216  53.294
80  217  39.108
80  221  22.369
80  222  45.177
80  223  92.665
80  224  141.787
80  225  119.326
81  212  106.774
81  215  422.525
81  216  345.876
81  221  118.282
81  222  191.404
81  223  391.458
81  224  445.14
81  225  432.445
81  226  397.501
81  227  251.043
81  228  47.141
82  212  31.216
82  214  218.0
82  215  276.407
82  217  338.902
82  218  371.499
82  219  379.672
82  220  366.109
82  221  379.765
82  222  458.315
82  223  527.888
82  224  525.268
82  225  526.945
83  217  51.384
83  218  59.348
83  219  69.691
83  220  101.935
83  221  178.342
83  222  402.538
83  223  485.931
83  224  513.255
84  220  20.006
84  221  53.369
84  222  197.083
84  223  420.892
84  224  487.317
84  225  455.472
84  226  449.753
85  221  16.649
85  222  46.723
85  223  120.866
85  224  178.786
85  225  200.098
85  226  217.313
86  223  19.884
86  224  31.044
87  225  62.405
88  225  74.182
88  226  27.475
89  225  72.166
89  226  15.51
90  225  77.997
91  225  82.753
92  225  86.082
92  227  19.51
93  225  94.526
94  225  80.976
94  226  50.912
96  224  28.172
96  225  72.137
97  224  63.193
97  225  64.555
98  224  39.698
98  225  45.379
99  224  37.813
99  225  34.915
100  224  47.257
101  224  76.379
101  225  24.379
102  224  119.172
102  225  28.45
104  224  98.775
105  224  88.631
108  224  68.982
109  224  55.683
110  223  23.583
110  224  56.255
111  223  49.795
111  224  87.798
112  223  52.517
112  224  113.717
113  223  36.574
113  224  23.437
114  223  81.527
115  223  101.054
115  224  29.295
116  223  71.85
117  223  73.95
118  223  86.4
119  223  100.935
new 
112  214  20.535
115  212  29.732
117  210  17.394
117  211  20.095
118  210  21.891
121  208  16.173
122  207  19.417
124  206  28.648
125  205  23.265
127  204  17.611
130  202  23.257
131  195  39.108
131  196  50.193
131  197  51.375
131  198  51.316
131  199  37.15
131  200  19.291
131  202  16.074
132  194  47.306
132  195  64.763
132  196  86.784
132  197  149.393
132  198  161.991
132  199  110.435
132  200  76.866
133  193  35.113
133  194  56.454
133  195  87.052
133  196  270.473
133  197  456.437
133  198  487.701
133  199  416.29
134  193  42.324
134  194  62.362
134  195  118.275
134  196  430.107
134  198  551.173
134  199  540.774
134  200  474.208
135  193  42.429
135  194  61.379
135  195  110.734
135  196  423.182
135  198  549.651
135  199  551.067
135  200  481.598
136  193  38.696
136  194  58.113
136  195  81.239
136  196  227.08
136  198  504.211
136  199  492.813
136  200  383.341
136  201  119.209
137  194  45.132
137  195  61.258
137  196  80.361
137  198  222.958
137  199  202.876
137  200  108.715
138  195  45.953
138  196  56.654
138  197  125.937
138  198  98.836
138  199  65.25
138  200  43.447
138  201  17.441
139  196  60.482
139  197  126.189
139  199  20.856
140  196  134.246
140  197  47.188
141  195  34.434
141  196  83.424
142  195  78.794
143  194  94.732
143  195  60.487
144  194  100.014
144  195  18.552
145  194  44.899
147  192  53.306
147  193  65.498
148  191  15.122
148  192  110.618
149  191  72.665
149  192  73.422
150  191  91.156
151  190  56.267
151  191  33.523
152  189  25.024
152  190  92.137
153  189  101.611
154  188  22.785
154  189  73.641
155  188  66.337
156  187  26.945
156  188  66.539
new 
209  181  15.666
210  181  15.159
210  183  79.942
210  186  36.683
210  187  33.07
210  199  16.028
210  200  36.935
210  201  37.173
210  202  38.44
211  184  50.276
211  185  41.574
211  186  20.651
211  198  37.858
211  200  67.805
211  201  70.135
211  202  62.136
211  203  51.962
211  204  26.842
212  186  47.817
212  187  60.652
212  188  51.937
212  197  51.871
212  200  108.534
212  201  106.782
212  203  73.588
212  204  61.839
212  205  45.618
213  188  25.664
213  189  43.937
213  190  60.798
213  191  34.483
213  196  51.686
213  197  88.496
213  198  119.789
213  199  286.109
213  201  359.185
213  202  164.695
213  204  82.138
213  205  62.451
214  191  48.501
214  192  72.139
214  193  57.88
214  194  17.41
214  195  29.01
214  196  71.604
214  197  129.162
214  198  402.748
214  200  503.765
214  201  593.083
214  202  514.838
214  203  175.463
214  204  97.383
214  205  71.129
214  206  45.633
215  193  44.2
215  194  85.148
215  195  115.147
215  196  99.962
215  197  195.386
215  198  544.042
215  199  293.911
215  200  191.949
215  201  255.255
215  202  552.048
215  203  334.159
215  204  106.284
215  205  76.767
215  206  52.174
216  195  83.839
216  196  153.808
216  197  260.992
216  198  594.971
216  199  205.724
216  200  149.518
216  201  184.838
216  202  494.195
216  203  396.796
216  204  111.795
216  205  79.909
216  206  58.162
217  195  47.217
217  196  107.604
217  197  222.676
217  198  555.456
217  199  254.179
217  200  183.908
217  201  257.922
217  202  581.215
217  203  273.927
217  204  101.347
217  205  76.282
217  206  47.954
218  195  51.628
218  196  100.412
218  197  143.153
218  198  419.942
218  200  510.176
218  201  597.482
218  202  438.669
218  203  130.468
218  204  91.311
218  205  69.638
218  206  43.745
219  195  60.995
219  196  115.567
219  197  278.998
219  198  437.994
219  199  410.421
219  200  399.99
219  201  318.908
219  202  136.27
219  203  99.508
219  204  74.903
219  205  54.958
220  194  18.619
220  195  78.963
220  196  283.721
220  197  488.842
220  198  448.291
220  200  130.399
220  201  114.39
220  202  92.327
220  203  75.309
220  204  57.799
220  205  16.522
221  194  24.043
221  196  419.088
221  197  475.495
221  198  255.276
221  199  103.135
221  200  89.566
221  201  75.61
221  202  65.886
221  203  50.267
222  194  17.282
222  197  258.589
222  198  99.635
222  199  60.362
222  200  52.777
222  201  44.444
222  202  24.069
223  195  26.009
223  196  51.506
223  197  53.894
223  198  36.806
new 
105  29  45.434
106  28  26.069
106  29  312.729
106  30  22.404
107  28  41.607
107  29  334.145
107  30  38.594
108  28  39.334
111  28  37.93
112  28  33.922
112  29  300.316
112  30  42.879
113  28  29.551
113  29  285.766
113  30  132.869
114  28  19.74
114  29  226.16
114  30  182.831
115  29  150.379
115  30  227.443
115  31  20.009
116  29  74.615
116  30  248.323
116  31  27.058
117  29  60.131
117  30  322.383
117  31  34.518
118  29  34.014
118  30  281.678
118  31  32.112
119  29  31.253
119  30  277.221
119  31  29.186
120  29  29.234
120  30  259.484
120  31  25.923
121  29  26.164
121  30  253.412
121  31  29.933
122  29  26.72
122  30  265.07
122  31  53.282
123  29  22.454
123  30  237.947
123  31  90.322
124  29  18.35
124  30  212.381
124  31  133.706
125  30  166.428
125  31  167.241
125  34  30.487
126  30  119.525
126  31  199.365
126  32  15.582
126  34  18.807
127  30  79.956
127  31  229.784
127  32  20.166
127  35  46.12
128  30  61.513
128  31  246.646
128  32  24.583
128  35  25.602
129  30  35.096
129  31  244.139
129  32  23.735
129  36  31.682
130  30  28.389
130  31  270.048
130  32  29.675
131  30  23.249
131  31  241.173
131  32  40.979
131  37  25.133
132  30  17.303
132  31  216.665
132  32  64.609
132  37  27.861
133  31  181.164
133  32  102.42
133  38  20.737
134  31  154.027
134  32  164.802
135  31  102.657
135  32  201.512
135  33  15.059
136  31  70.396
136  32  241.643
136  33  22.136
137  31  32.783
137  32  234.952
137  33  24.789
138  31  21.487
138  32  240.323
138  33  44.837
139  32  203.656
139  33  77.169
140  32  179.409
140  33  130.31
141  32  148.292
141  33  185.531
142  32  101.151
142  33  209.572
142  34  16.904
143  32  54.43
143  33  216.487
143  34  20.93
144  32  36.378
144  33  233.304
144  34  28.542
145  32  23.812
145  33  218.016
146  32  15.639
146  33  207.405
147  33  186.364
150  35  22.5
151  33  36.555
151  35  26.28
152  33  19.789
152  34  204.51
152  35  60.341
153  33  15.861
153  34  192.315
153  35  98.174
154  34  168.98
154  35  138.577
155  34  107.401
155  35  144.871
156  34  74.83
156  35  184.5
156  36  15.593
157  34  49.515
157  35  204.072
157  36  27.989
158  34  28.948
158  35  201.599
158  36  47.712
159  34  19.077
159  35  203.515
159  36  81.037
160  35  176.676
160  36  108.35
161  35  122.285
162  35  92.849
163  36  172.048
163  39  146.503
164  37  27.048
164  39  176.744
165  35  23.966
165  37  42.963
165  38  20.561
165  39  251.205
165  40  21.175
166  35  20.288
166  36  214.628
166  37  82.971
166  38  19.314
166  39  173.586
167  36  150.996
167  37  123.968
167  38  26.03
167  39  163.016
168  36  88.024
168  37  125.908
168  38  47.636
168  39  158.049
169  37  17.867
169  38  99.791
169  39  171.601
170  37  17.579
170  38  211.828
170  39  272.424
170  40  32.719
171  38  96.087
171  39  138.08
new 
107  43  23.835
108  41  27.929
108  42  18.963
109  39  35.224
109  40  44.682
110  36  17.599
110  37  30.407
110  38  18.913
111  34  22.71
111  35  31.229
111  45  25.401
111  46  27.925
111  47  24.846
111  48  23.775
111  49  29.957
112  32  20.066
112  33  27.153
112  41  27.765
112  42  36.633
112  43  41.627
112  44  24.64
113  31  20.184
114  25  18.535
114  26  46.616
114  27  44.381
114  28  29.854
114  32  23.006
114  33  21.011
115  24  19.823
115  26  258.113
115  27  103.312
116  24  63.261
116  25  256.796
116  26  319.479
116  27  125.262
117  22  29.256
117  23  25.139
117  24  84.068
117  25  294.832
117  26  340.168
117  27  136.667
117  28  15.655
118  21  31.547
118  24  106.45
118  25  339.033
118  26  343.182
118  27  148.208
118  28  18.214
119  19  61.317
119  20  36.277
119  23  15.142
119  24  131.677
119  25  355.338
119  26  346.49
119  28  19.33
120  18  32.566
120  23  15.407
120  24  81.404
120  25  316.256
120  26  336.225
120  27  92.217
121  23  35.12
121  25  69.823
121  26  71.315
122  15  30.594
122  22  101.462
122  23  46.062
123  13  28.995
123  21  25.692
123  22  134.629
124  11  38.853
124  21  26.552
124  22  17.408
125  9  32.378
125  10  54.671
125  21  27.033
126  7  17.117
126  8  69.073
126  20  18.156
127  6  26.924
127  20  17.616
128  5  28.106
128  19  18.683
129  2  18.19
129  19  21.222
130  1  35.078
130  2  18.995
130  18  17.971
131  18  26.626
132  17  15.381
133  17  18.758
134  16  17.406
135  16  27.398
137  15  22.053
138  14  15.304
139  14  27.8
141  13  20.876
142  12  15.01
143  12  20.361
146  10  16.999
147  10  49.205
148  9  43.719
149  9  23.621
150  8  17.061
151  8  27.681
152  7  20.013
153  7  28.322
154  5  49.376
154  6  70.778
155  6  89.907
156  5  25.855
157  5  26.211
159  4  18.852
new 
248  2  16.481
249  1  200.18
249  2  164.047
249  3  151.055
249  4  152.22
249  5  136.967
249  6  116.856
249  7  110.44
249  8  89.874
249  9  61.477
249  10  51.419
249  11  58.6
249  12  48.934
249  13  47.295
249  14  39.479
249  16  32.868
249  17  21.96
249  22  16.333
250  1  231.509
250  2  221.464
250  3  232.783
250  4  260.939
250  5  275.969
250  6  282.372
250  7  305.123
250  8  301.573
250  9  304.802
250  11  321.164
250  12  316.676
250  13  309.039
250  17  270.093
250  21  178.814
250  24  134.284
250  25  118.539
250  27  78.609
250  28  69.251
250  29  55.797
250  31  45.968
250  32  43.095
250  33  38.848
250  34  36.971
250  35  34.748
250  36  33.634
250  37  34.505
250  38  35.034
250  39  29.475
251  1  18.469
251  2  24.153
251  3  24.278
251  4  29.436
251  5  30.721
251  6  32.429
251  7  36.574
251  8  39.462
251  9  39.819
251  10  45.071
251  11  53.107
251  12  62.979
251  13  79.226
251  14  92.618
251  15  123.876
251  16  143.139
251  22  285.158
251  23  301.131
251  24  330.372
251  25  337.712
251  27  347.601
251  28  347.434
251  29  344.167
251  30  324.188
251  31  294.859
251  32  283.466
251  33  269.901
251  34  252.719
251  35  231.197
251  36  233.066
251  37  222.514
251  38  227.599
252  17  17.118
252  18  19.867
252  19  25.894
252  22  36.186
252  23  41.719
252  24  54.484
252  25  67.299
252  26  99.787
252  28  171.939
252  29  214.51
252  30  263.755
252  31  277.844
252  32  333.331
252  33  352.84
252  34  378.405
252  35  388.921
252  36  404.442
252  37  422.258
252  38  426.204
253  28  20.412
253  29  27.033
253  30  33.524
253  31  39.973
253  32  47.413
253  33  58.771
253  34  77.172
253  35  109.54
253  36  152.276
253  37  212.461
254  36  19.21
254  37  30.015
new 
61  53  22.843
61  55  44.438
61  56  60.009
61  57  67.486
61  58  62.283
61  59  33.079
62  56  281.925
62  57  349.219
62  58  329.573
62  59  189.548
62  60  41.431
63  58  466.991
63  59  431.777
63  60  126.992
63  61  22.109
64  55  493.695
64  58  510.118
64  59  464.828
64  60  189.411
64  61  39.434
64  62  19.709
64  63  15.587
65  55  481.327
65  56  484.05
65  57  497.5
65  58  474.763
65  59  416.029
65  60  232.228
65  61  178.845
65  62  176.238
65  63  169.362
65  64  177.196
65  65  165.64
65  66  159.895
65  67  138.52
65  68  143.641
65  69  138.611
65  70  146.753
65  71  157.579
65  72  156.51
65  73  146.76
65  74  152.202
65  75  146.513
65  76  125.815
65  77  113.971
65  80  86.745
65  81  75.915
65  82  69.671
65  83  59.199
65  87  32.664
65  88  30.242
66  54  353.927
66  55  362.797
66  56  354.979
66  57  336.689
66  58  277.707
66  59  182.093
66  60  116.473
66  61  93.756
66  63  104.27
66  64  128.521
66  65  142.829
66  66  134.111
66  67  125.684
66  68  136.841
66  69  126.366
66  70  136.35
66  71  145.124
66  72  138.066
66  73  145.562
66  74  178.352
66  75  187.478
66  76  190.005
66  79  244.629
66  80  232.145
66  81  245.069
66  82  263.79
66  83  268.59
66  84  256.669
66  88  263.825
67  53  74.625
67  54  75.407
67  55  77.921
67  56  75.871
67  57  68.393
67  58  52.916
67  59  34.588
67  60  17.381
67  80  23.258
67  81  28.193
67  82  36.124
67  83  43.885
67  84  48.721
67  88  98.953
68  52  16.663
68  53  15.852
68  54  17.638
68  55  17.757
68  56  16.748
new 
93  42  28.421
94  42  21.455
95  42  21.601
96  42  23.885
97  42  37.863
100  42  29.06
101  42  23.224
102  42  21.112
104  43  16.713
105  43  24.734
106  43  20.973
107  43  23.672
108  43  28.948
109  43  47.103
109  44  111.644
110  42  29.173
110  43  174.667
110  44  427.839
110  45  442.557
110  47  15.978
110  55  18.321
110  56  28.38
110  57  30.629
110  58  26.644
111  44  508.45
111  45  456.417
111  46  139.039
111  47  20.41
111  48  15.803
111  49  21.986
111  50  29.295
111  51  31.884
111  52  22.493
111  53  22.433
111  54  25.186
112  41  39.15
112  42  228.155
112  43  397.753
112  44  404.68
112  45  267.554
112  46  83.972
112  47  31.477
113  41  126.403
113  42  334.195
113  43  371.936
113  44  281.361
113  45  88.751
113  46  37.751
113  47  44.004
113  48  35.096
113  49  21.032
113  51  20.944
114  40  31.034
114  41  244.706
114  42  399.179
114  43  386.749
114  44  207.874
114  45  28.526
114  50  17.924
114  51  48.028
114  52  31.955
114  53  23.558
114  54  17.899
114  55  28.207
114  56  24.057
115  40  29.014
115  41  237.002
115  42  380.809
115  43  337.345
115  44  92.423
115  55  42.55
115  56  72.707
115  57  24.16
115  58  20.864
116  41  58.916
116  42  171.164
116  43  107.724
116  44  20.256
116  60  17.675
116  61  26.79
116  62  24.227
116  63  18.68
116  64  35.386
117  42  16.482
new 
156  208  16.675
157  206  30.015
157  207  63.943
157  208  90.754
157  210  59.656
157  211  25.308
158  205  26.275
158  206  84.8
158  207  217.231
158  208  377.361
158  211  80.382
158  212  23.986
159  205  44.966
159  206  145.35
159  207  423.967
159  208  510.356
159  210  470.07
159  212  49.061
160  205  56.661
160  206  186.033
160  207  498.781
160  208  472.279
160  209  349.045
160  210  566.085
160  211  353.861
160  212  110.332
160  213  29.838
161  205  58.329
161  206  157.909
161  207  462.485
161  208  459.638
161  210  473.917
161  211  453.785
161  212  151.495
161  213  54.784
162  205  48.946
162  206  122.321
162  207  308.675
162  208  532.287
162  209  526.073
162  210  486.82
162  211  474.61
162  212  285.83
162  213  121.037
162  215  16.377
163  205  20.855
163  206  68.901
163  207  153.464
163  208  380.385
163  209  456.667
163  210  460.372
163  211  438.475
163  212  355.688
163  213  306.934
163  214  157.624
163  215  49.034
163  216  16.541
164  206  21.257
164  207  65.234
164  208  126.461
164  210  236.773
164  211  361.478
164  212  386.65
164  213  303.262
164  214  308.936
164  215  233.505
164  216  86.075
164  217  30.012
165  207  16.466
165  208  33.946
165  209  44.635
165  210  74.476
165  211  144.82
165  212  326.197
165  213  373.89
165  214  220.207
165  216  296.909
165  217  174.644
165  218  51.413
165  219  19.497
166  210  20.718
166  211  48.178
166  212  115.256
166  213  320.853
166  216  257.603
166  217  359.983
166  218  259.699
166  219  100.94
166  220  34.064
167  212  39.163
167  213  101.576
167  215  385.717
167  216  180.235
167  217  166.126
167  218  310.398
167  219  352.045
167  220  177.569
167  221  55.204
167  222  21.268
168  213  36.513
168  214  111.704
168  215  375.137
168  216  451.855
168  217  192.717
168  218  124.556
168  219  293.904
168  220  399.29
168  221  297.446
168  222  114.125
168  223  54.282
168  224  18.725
169  214  40.409
169  215  131.447
169  216  403.461
169  217  458.851
169  218  186.129
169  219  94.689
169  220  218.631
169  221  411.029
169  222  386.25
169  223  262.581
169  224  84.659
169  225  19.881
170  215  46.746
170  216  139.413
170  217  425.742
170  218  520.526
170  219  193.389
170  220  90.37
170  221  147.968
170  222  399.518
170  223  495.979
170  224  364.17
170  225  55.677
171  216  56.605
171  217  154.595
171  218  510.292
171  219  536.795
171  220  147.388
171  221  52.757
171  222  104.236
171  223  303.229
171  224  289.209
171  225  45.959
172  216  18.203
172  217  67.006
172  218  170.185
172  219  532.66
172  220  126.509
172  221  28.458
172  222  24.021
172  223  48.815
172  224  38.847
173  217  15.143
173  219  103.85
new 
53  207  37.085
53  208  92.893
53  210  62.238
53  211  19.139
54  206  34.88
54  207  177.215
54  208  402.889
55  200  15.049
55  205  54.22
55  206  106.455
55  207  341.67
55  208  491.49
55  209  471.762
55  211  188.075
56  183  19.42
56  184  25.636
56  185  35.113
56  186  51.889
56  188  74.35
56  189  38.047
56  193  39.041
56  194  61.901
56  195  74.532
56  196  45.08
56  197  51.261
56  198  43.659
56  199  32.29
56  200  28.002
56  201  26.678
56  202  22.249
56  203  20.162
56  205  34.258
56  206  148.042
56  207  382.814
56  208  479.632
56  210  487.26
56  211  174.719
56  212  25.172
57  173  48.468
57  174  42.384
57  175  40.794
57  176  32.243
57  177  41.438
57  178  66.006
57  179  62.213
57  180  40.873
57  181  70.485
57  182  45.073
57  183  32.227
57  184  20.209
57  204  17.0
57  205  83.451
57  206  295.836
57  207  381.345
57  209  372.026
57  210  260.338
57  211  59.292
58  209  85.099
59  203  68.282
59  204  239.561
59  205  371.712
59  206  379.259
59  207  259.112
59  209  19.227
61  201  65.667
61  202  172.629
61  203  345.148
61  205  384.987
61  206  156.736
61  207  31.915
63  204  308.156
63  205  79.164
64  200  15.029
64  201  94.425
64  202  313.705
65  201  17.459
65  202  46.771
65  203  44.669
new 
235  192  94.868
236  191  47.561
236  192  473.856
236  194  30.596
237  191  31.78
237  192  154.139
237  193  434.521
237  195  24.882
238  192  46.072
238  193  217.143
238  195  61.999
238  196  17.496
239  193  52.965
239  194  277.455
239  196  46.039
240  193  19.613
240  194  65.403
240  195  325.337
240  196  189.612
240  197  34.771
241  194  23.505
241  195  101.397
241  196  339.645
241  197  123.989
241  198  23.937
242  195  34.422
242  196  181.125
242  197  335.353
242  198  77.451
242  199  17.911
243  196  41.659
243  197  223.72
243  198  270.219
243  199  52.667
244  197  51.276
244  198  257.382
244  199  237.705
244  200  44.463
244  201  15.049
245  198  76.9
245  199  287.289
245  200  195.7
245  202  19.052
246  197  39.614
246  199  134.882
246  201  192.793
246  202  57.545
246  203  26.264
247  202  197.349
247  203  82.313
247  204  36.602
247  205  17.32
248  196  91.667
248  197  345.67
248  198  486.879
248  201  357.762
248  202  347.785
248  203  243.329
248  204  116.478
248  205  60.994
248  206  28.715
249  197  390.256
249  198  504.544
249  199  477.654
249  201  454.259
249  206  108.212
249  207  39.674
250  196  69.412
250  198  439.01
250  199  500.152
250  202  492.174
250  203  483.478
250  204  511.15
250  205  486.556
250  206  342.676
250  207  125.482
250  208  31.799
251  196  27.389
251  199  293.702
251  200  381.695
251  201  413.003
251  202  446.253
251  203  502.667
251  204  513.153
251  205  538.197
251  206  470.242
251  207  265.066
251  208  58.13
252  199  98.135
252  200  155.405
252  201  220.738
252  202  317.997
252  203  481.16
252  204  530.284
252  205  528.976
252  206  489.771
252  207  272.476
252  208  55.067
253  198  23.51
253  200  117.767
253  201  246.557
253  202  314.097
253  203  320.526
253  204  399.674
253  205  391.471
253  206  320.239
253  207  108.766
253  208  30.889
254  197  23.503
254  198  66.295
254  200  314.059
254  201  240.264
254  202  135.159
254  203  113.304
254  204  116.563
254  205  196.153
254  206  165.818
254  207  43.585
255  196  37.08
255  197  143.357
255  198  309.777
255  200  75.582
255  201  67.578
255  202  46.489
255  203  24.375
255  204  33.699
255  205  157.652
255  206  108.401
new 
200  42  15.288
200  43  55.267
200  44  105.311
200  45  32.273
201  43  294.462
201  44  555.709
201  45  120.342
202  41  30.603
202  42  159.335
202  43  485.165
202  44  399.23
202  45  77.486
203  40  21.959
203  41  99.505
203  42  400.956
203  43  396.75
203  44  106.738
203  45  23.099
204  39  15.48
204  40  80.828
204  41  352.205
204  42  402.495
204  43  126.312
204  44  29.319
205  39  69.434
205  40  313.303
205  41  361.167
205  42  118.062
205  43  27.257
206  38  64.398
206  39  294.973
206  40  365.672
206  41  130.182
206  42  25.42
207  37  53.098
207  38  258.883
207  39  357.922
207  40  136.233
207  41  23.992
208  36  46.28
208  37  233.085
208  38  341.598
208  39  156.973
208  40  27.315
209  35  50.343
209  36  186.271
209  37  327.011
209  38  199.402
209  39  31.866
210  33  25.163
210  34  51.726
210  35  197.852
210  36  317.076
210  37  236.112
210  38  49.085
211  31  21.658
211  32  81.39
211  33  151.459
211  34  233.336
211  35  314.073
211  36  194.858
211  37  41.529
212  31  80.44
212  32  377.522
212  33  469.902
212  34  438.25
212  35  219.74
212  36  46.43
213  30  16.75
213  31  144.361
213  32  450.484
213  33  507.201
213  34  463.329
213  35  149.538
213  36  24.07
214  31  77.56
214  32  369.135
214  33  460.576
214  34  353.548
214  35  74.428
215  31  19.379
215  32  76.581
215  33  129.431
215  34  69.125
215  35  18.828
new 
12  132  27.956
12  133  69.846
13  128  26.202
13  129  29.799
13  130  26.08
13  131  32.657
13  132  179.733
13  133  357.094
13  134  257.732
13  135  35.0
14  129  285.171
14  130  222.728
14  131  125.584
14  132  296.955
14  133  445.611
14  134  378.829
15  128  26.289
15  129  61.48
15  130  216.655
15  131  270.428
15  132  415.339
15  133  450.81
15  134  360.59
15  135  64.672
16  130  26.483
16  131  69.165
16  132  312.804
16  133  407.655
16  134  279.383
16  135  42.096
17  131  93.814
17  132  140.331
17  133  96.085
17  134  46.686
18  130  106.652
18  131  134.293
18  132  20.017
19  129  51.03
19  130  155.53
19  131  25.963
20  128  26.791
20  129  143.664
20  130  42.565
21  127  16.239
21  128  161.744
21  129  54.205
22  127  148.112
22  128  85.303
23  126  106.254
23  127  141.229
24  125  50.963
24  126  165.188
24  127  20.626
25  124  32.741
25  125  141.324
25  126  20.798
26  124  157.403
26  125  35.948
27  124  58.775
28  122  92.568
29  121  103.683
29  122  241.935
29  123  18.394
30  120  19.124
30  121  180.275
30  122  34.875
31  120  147.061
31  121  42.203
32  119  122.721
32  120  59.912
33  118  67.73
33  119  127.831
34  117  20.382
34  118  166.261
new 
98  1  90.624
99  2  63.545
99  3  59.156
99  4  85.017
100  4  33.237
100  5  80.859
100  6  92.297
100  7  27.098
101  7  50.614
101  8  95.286
101  9  73.91
101  11  20.888
102  9  22.679
102  10  92.658
102  11  143.454
102  12  45.17
103  12  97.683
103  13  174.908
103  14  82.075
103  15  47.083
104  14  92.004
104  15  92.977
104  16  115.254
104  17  100.904
105  17  38.308
105  18  92.503
105  19  83.309
105  20  44.682
106  20  66.292
106  21  79.449
106  22  67.568
106  23  30.435
107  22  16.699
107  23  104.942
107  24  75.072
107  25  46.889
108  25  36.702
108  26  111.585
108  27  70.448
108  28  25.826
109  28  48.012
109  29  91.92
110  32  84.393
110  33  48.006
111  33  56.684
111  34  76.704
111  35  76.246
112  38  39.02
114  40  23.76
114  41  94.527
114  42  106.814
114  43  109.053
115  43  53.11
116  45  29.358
116  46  92.43
117  48  22.989
117  49  60.0
117  50  69.996
117  51  30.34
118  51  38.999
118  52  87.887
118  53  98.018
118  54  22.785
119  53  43.121
119  54  70.519
119  55  84.511
119  56  46.34
120  56  40.354
120  57  59.012
120  58  61.933
120  59  22.253
121  59  51.609
121  60  82.166
121  61  133.35
121  62  37.031
122  61  67.798
122  62  97.747
122  63  92.09
122  64  28.438
123  64  46.556
123  65  65.349
123  66  42.194
124  66  21.484
124  67  68.044
124  68  59.095
124  69  31.762
125  69  54.773
125  70  85.526
125  71  58.655
125  72  18.267
126  71  25.835
126  72  67.078
126  73  84.215
126  74  52.99
127  74  59.703
127  75  73.387
128  78  70.103
128  79  42.152
129  79  28.353
129  80  80.523
129  81  54.948
129  82  25.509
129  103  18.662
130  82  43.382
130  83  64.24
130  84  67.748
130  85  18.233
130  102  92.798
130  103  164.967
130  104  35.323
131  84  33.541
131  85  69.948
131  86  132.335
131  87  47.425
131  100  44.918
131  101  118.078
131  102  62.736
132  87  40.824
132  90  34.483
132  95  19.566
132  98  20.845
132  100  195.292
132  101  23.158
133  90  72.291
133  91  73.485
133  92  51.082
133  93  30.339
133  94  93.883
133  95  214.176
133  96  125.141
133  97  92.313
133  98  140.879
133  99  35.427
134  92  43.512
134  93  128.29
134  94  316.81
134  95  441.336
134  96  403.4
134  97  133.67
134  98  19.545
135  93  49.718
135  94  308.297
135  95  420.777
135  96  344.041
135  97  61.566
136  94  88.137
136  95  218.602
136  96  113.019
136  97  16.121
137  95  51.917
138  95  20.125
141  94  17.277
142  94  54.529
143  94  22.841
144  94  19.187
145  93  15.717
146  93  25.221
147  93  23.801
new 
189  142  195.554
189  143  43.219
190  141  96.811
190  142  159.417
191  140  33.557
191  141  261.999
191  142  24.277
192  140  207.301
192  141  94.864
195  138  141.042
195  139  97.038
196  137  54.161
196  138  163.121
197  136  20.976
197  137  195.479
197  138  57.868
198  136  139.677
198  137  154.278
199  135  58.546
199  136  218.881
199  137  30.978
200  134  17.234
200  135  209.762
200  136  121.869
201  134  79.93
201  135  172.608
202  133  28.568
202  134  201.172
202  135  44.201
203  133  125.284
203  134  112.403
204  132  47.11
204  133  177.171
204  134  25.106
205  132  142.281
205  133  73.344
206  131  95.98
206  134  41.332
207  130  35.749
207  131  188.06
207  133  68.672
208  130  120.09
209  131  59.967
210  129  179.643
210  130  109.249
211  128  27.332
211  129  214.764
211  130  134.927
212  129  124.854
212  130  235.127
212  131  42.336
213  129  33.029
213  130  215.039
213  131  139.012
214  130  128.123
214  131  253.781
214  132  39.161
215  130  36.213
215  131  225.389
215  132  126.106
216  131  110.894
216  132  229.994
216  133  30.637
217  131  27.422
217  132  238.889
217  133  124.533
218  132  119.675
218  133  252.197
218  134  30.042
219  132  27.553
219  133  250.206
219  134  109.384
220  133  102.133
220  134  240.549
222  134  126.961
223  134  32.451
223  135  295.99
223  136  73.356
224  135  127.915
224  136  258.6
224  137  28.909
225  135  38.03
225  136  323.887
225  137  62.052
226  136  130.239
226  137  292.245
226  138  26.499
227  136  20.031
227  137  165.573
new 
123  32  32.584
124  30  62.891
125  28  79.819
125  29  52.822
126  26  20.154
126  27  68.913
126  28  55.265
127  26  42.876
128  23  39.983
128  24  54.612
129  22  70.639
129  23  28.279
130  20  71.639
130  21  64.968
131  18  51.029
131  19  55.776
131  20  33.789
132  18  57.804
134  14  48.058
134  15  34.79
135  12  59.333
136  10  21.351
136  11  61.192
136  12  20.92
137  9  57.084
137  10  53.386
138  7  44.594
138  8  54.363
139  7  27.464
140  1  71.512
140  2  76.242
140  3  29.662
140  4  58.933
141  1  392.692
141  2  428.468
141  3  159.773
141  4  57.704
142  1  618.06
142  2  20.272
142  3  488.793
142  4  167.314
143  1  201.344
143  2  548.971
143  4  627.557
143  5  266.078
143  6  90.358
143  7  35.383
144  1  64.197
144  2  100.827
144  3  44.116
144  4  231.721
144  5  367.35
144  6  368.737
144  7  232.436
144  8  89.29
144  9  24.544
145  3  15.299
145  4  38.202
145  5  83.657
145  6  239.485
145  7  387.732
145  8  347.239
145  9  165.231
145  10  19.967
146  6  42.009
146  7  150.512
146  8  299.658
146  9  296.982
146  10  55.854
147  7  19.156
147  8  44.969
147  9  68.343
new 
77  140  32.755
77  141  36.612
77  142  23.678
77  143  15.496
78  139  24.041
78  140  332.311
78  141  344.539
78  142  240.086
78  143  168.49
78  144  128.112
78  145  93.281
78  146  55.941
78  147  37.826
78  148  39.421
78  149  30.876
78  150  23.714
78  151  20.629
78  152  15.635
78  162  19.974
79  140  28.001
79  141  53.423
79  142  116.18
79  143  191.983
79  144  214.802
79  146  293.098
79  149  282.593
79  150  230.812
79  151  208.62
79  152  161.778
79  153  135.117
79  154  124.337
79  155  97.699
79  156  76.624
79  157  62.44
79  158  61.631
79  160  229.355
80  143  17.396
80  144  27.9
80  145  30.854
80  146  33.835
80  147  35.276
80  148  53.195
80  152  178.297
80  153  210.473
80  154  237.533
80  155  252.059
80  156  255.69
80  157  257.97
80  160  464.787
80  161  457.373
80  162  170.178
80  163  30.91
81  153  17.015
81  154  23.824
81  155  31.045
81  156  39.315
81  157  64.462
81  158  94.375
81  159  230.975
81  160  453.991
81  161  407.121
81  162  135.738
81  163  46.372
81  164  33.161
81  165  22.778
82  158  70.282
82  159  273.205
82  160  288.381
82  161  125.857
83  157  33.179
83  158  198.134
83  159  312.528
83  160  113.815
83  161  32.113
84  156  17.178
84  157  126.322
84  158  338.831
84  159  184.997
84  160  29.065
85  156  59.275
85  157  302.176
85  158  269.944
85  159  45.962
86  155  40.921
86  156  233.257
86  157  328.567
86  158  93.204
87  154  28.271
87  155  162.506
87  157  139.823
88  156  218.036
89  156  53.367
90  153  396.106
90  154  381.248
91  151  68.118
91  152  365.008
91  153  433.244
91  154  98.494
91  155  19.674
93  151  27.343
new 
173  239  132.161
173  241  390.379
173  242  233.125
173  243  26.977
174  237  21.751
174  239  324.058
174  240  367.894
174  241  364.903
174  242  156.258
174  243  18.311
175  236  15.821
175  237  100.287
175  239  359.229
175  240  293.556
175  241  121.317
175  242  27.703
176  237  279.414
176  238  346.625
176  239  243.385
176  240  78.174
176  241  20.352
177  214  18.706
177  237  329.82
177  238  216.473
177  239  57.666
178  215  32.703
178  236  313.072
178  237  218.328
178  238  49.708
179  215  15.238
179  233  51.046
179  234  221.968
179  236  197.022
179  237  44.558
180  232  36.714
180  233  199.047
180  234  300.792
180  235  200.422
180  236  42.732
181  216  19.502
181  231  26.318
181  232  167.471
181  233  279.458
181  234  191.498
181  235  40.885
182  216  19.921
182  230  20.376
182  231  146.388
182  232  268.5
182  233  188.288
182  234  39.444
183  217  24.655
183  229  19.229
183  230  133.481
183  231  256.76
183  232  165.173
183  233  33.33
184  217  17.557
184  228  20.785
184  229  136.786
184  230  257.36
184  231  173.572
184  232  29.827
185  218  27.964
185  227  16.72
185  228  125.958
185  229  262.443
185  230  184.159
185  231  34.538
186  218  20.508
186  226  15.237
186  227  115.299
186  228  259.09
186  229  190.628
186  230  44.467
187  226  99.668
187  227  247.657
187  228  192.74
187  229  45.41
188  219  26.867
188  225  89.321
188  226  235.718
188  227  201.461
188  228  53.028
189  224  63.168
189  225  226.294
189  226  211.949
189  227  51.146
190  223  66.15
190  224  202.16
190  225  200.586
190  226  56.643
191  220  56.587
191  221  73.12
191  222  109.132
191  223  215.228
191  224  206.392
191  225  56.838
192  219  48.785
192  220  211.952
192  221  386.628
192  222  369.231
192  223  275.117
192  224  106.949
195  219  40.078
195  220  183.804
195  221  355.106
195  222  292.505
195  223  103.607
195  224  19.361
196  220  33.115
196  221  59.032
196  222  51.497
196  223  21.275
new 
22  20  22.217
22  24  16.854
22  25  28.326
22  26  28.213
22  27  18.106
23  20  137.265
23  23  30.834
23  24  83.797
23  25  154.495
23  26  155.406
24  20  104.877
24  21  15.985
24  22  30.807
24  23  114.151
24  24  350.343
24  25  494.553
24  26  490.782
24  29  22.156
25  22  64.389
25  23  308.958
25  24  524.624
25  25  531.222
25  26  542.191
25  27  499.043
25  28  183.637
25  29  36.577
26  20  100.943
26  23  432.199
26  24  543.762
26  25  382.915
26  26  454.439
26  27  557.986
26  28  281.279
26  29  51.52
27  20  67.886
27  21  115.209
27  22  96.877
27  23  422.263
27  24  567.146
27  25  412.773
27  26  471.989
27  27  519.494
27  28  240.121
27  29  45.406
28  20  24.366
28  21  100.399
28  22  60.746
28  23  288.718
28  24  533.462
28  25  575.279
28  26  528.78
28  27  436.031
28  28  125.539
28  29  28.873
29  20  15.111
29  21  122.121
29  22  28.39
29  23  84.574
29  24  276.2
29  25  376.976
29  26  335.497
29  27  154.403
29  28  43.305
30  21  152.459
30  22  18.4
30  23  23.71
30  26  67.607
30  27  34.829
31  21  122.265
32  21  145.25
33  21  115.468
34  21  93.399
36  21  84.771
37  21  146.073
37  22  108.13
38  4  19.695
38  21  51.476
39  4  29.35
39  5  22.94
40  5  40.433
40  6  32.355
41  6  66.524
42  7  52.755
42  21  15.82
43  3  84.869
43  4  30.444
43  5  18.104
43  23  16.987
44  3  305.062
44  4  273.236
44  5  211.717
44  6  128.712
44  7  49.125
44  8  22.72
45  2  24.602
45  3  46.052
45  4  103.765
45  5  188.65
45  6  250.308
45  7  258.72
45  9  161.775
45  11  48.557
45  12  26.67
45  22  88.015
46  5  16.461
46  6  28.822
46  7  55.795
46  8  119.662
46  11  261.349
46  12  235.462
46  13  164.941
46  14  106.826
46  15  51.296
46  16  23.31
46  22  65.8
47  10  36.064
47  11  99.237
47  12  162.777
47  13  227.072
47  14  255.821
47  15  252.354
47  16  214.847
47  17  145.885
47  18  75.343
47  19  25.693
47  22  17.47
48  13  25.166
48  14  59.511
48  15  129.224
48  16  186.021
48  17  235.86
48  18  244.57
48  19  189.922
48  20  27.244
49  18  62.687
new 
139  213  95.298
140  212  26.958
140  213  286.569
141  212  18.725
141  213  193.949
141  214  230.265
142  213  53.652
142  214  296.398
143  214  304.047
143  215  62.433
143  219  49.556
143  220  298.821
144  213  28.16
144  214  228.448
144  215  156.002
144  218  20.214
144  219  152.968
144  220  298.453
144  221  54.693
145  213  15.136
145  214  132.025
145  215  262.294
145  218  44.202
145  219  301.272
145  220  195.341
146  214  69.236
146  215  321.354
146  216  61.325
146  218  124.047
146  219  311.511
146  220  79.198
147  215  255.712
147  216  144.692
147  219  220.186
148  215  210.916
148  216  216.95
148  217  95.306
149  214  63.381
149  215  148.411
149  216  298.971
149  217  230.649
149  218  286.011
149  219  65.053
150  213  54.591
150  214  88.353
150  215  273.902
150  216  506.71
150  217  493.812
150  218  369.388
150  219  96.407
150  220  16.922
151  213  61.456
151  214  247.109
151  215  456.786
151  216  517.81
151  217  525.609
151  218  461.395
151  219  146.493
152  212  15.079
152  213  101.213
152  214  397.944
152  215  509.112
152  216  537.474
152  217  514.698
152  218  476.903
152  219  138.165
153  213  84.394
153  214  339.633
153  215  501.463
153  216  498.284
153  217  458.983
153  218  301.241
153  219  72.499
154  213  38.708
154  214  137.117
154  215  342.24
154  216  368.757
154  217  235.966
154  218  88.171
154  219  24.95
155  214  40.664
155  215  84.037
155  216  70.851
155  217  46.248
155  218  20.699
156  214  37.962
157  213  64.588
157  214  75.193
158  212  36.642
158  213  99.815
159  212  74.343
159  213  143.238
161  211  56.306
162  211  52.61
new 
242  57  91.285
242  58  79.11
242  59  31.706
242  82  28.472
242  83  29.156
243  56  69.302
243  57  563.705
243  58  426.309
243  59  168.128
243  60  71.723
243  61  35.204
243  80  25.601
243  81  80.997
243  82  277.366
244  58  342.57
244  59  479.581
244  60  416.892
244  61  218.122
244  62  75.224
244  63  34.821
244  78  26.168
244  79  95.968
244  80  256.817
244  81  322.72
244  82  132.272
244  83  32.534
245  58  57.482
245  59  100.084
245  60  260.523
245  61  385.701
245  62  392.175
245  63  230.697
245  64  84.072
245  77  116.109
245  78  260.29
245  79  258.857
245  80  101.962
245  81  31.433
246  59  17.489
246  60  37.972
246  61  81.478
246  62  222.026
246  63  369.051
246  64  366.86
246  65  236.584
246  67  29.831
246  73  19.669
246  74  52.852
246  75  160.231
246  79  25.479
247  62  31.483
247  63  69.281
247  64  188.261
247  65  310.878
247  66  329.916
247  67  238.576
247  68  97.313
247  69  31.955
247  70  17.765
247  71  24.915
247  72  84.016
247  73  208.223
247  74  259.832
247  75  196.388
247  76  79.822
247  77  21.166
248  64  22.52
248  65  56.381
248  66  173.746
248  67  292.833
248  68  312.5
248  71  202.845
248  72  238.361
248  73  166.155
248  74  68.849
248  75  18.689
249  66  20.782
249  67  49.806
249  68  146.968
250  68  27.426
250  69  48.406
250  70  32.427
251  67  18.984
251  68  15.661
252  66  21.274
253  65  24.055
253  66  22.024
new 
195  171  20.039
195  172  25.611
195  173  25.392
196  169  19.767
196  172  37.115
196  173  33.45
196  174  25.649
197  170  34.916
197  171  49.197
197  172  86.025
197  173  58.526
197  174  41.368
197  175  27.676
198  168  20.39
198  169  32.84
198  170  44.267
198  171  89.013
198  172  557.027
198  173  108.995
198  174  61.858
198  175  42.544
198  176  19.614
199  168  22.123
199  169  32.824
199  170  44.882
199  171  97.314
199  172  609.683
199  174  93.955
199  175  59.63
199  176  36.262
199  202  25.339
200  169  33.72
200  170  41.624
200  171  60.297
200  172  129.421
200  175  82.37
200  176  48.502
200  201  16.758
201  169  29.437
201  170  36.287
201  171  50.328
201  172  72.581
201  173  209.044
201  174  532.332
201  175  211.731
201  176  69.279
201  177  29.982
202  169  23.03
202  170  33.043
202  171  43.722
202  172  55.645
202  173  75.778
202  174  334.297
202  175  513.233
202  176  141.061
202  199  35.93
202  200  16.333
203  170  25.039
203  171  32.642
203  172  41.515
203  174  84.299
203  176  402.774
203  177  94.456
203  178  40.696
203  198  17.329
204  178  78.776
204  179  32.724
204  197  17.402
205  175  64.092
205  176  213.396
205  178  212.672
205  179  57.14
205  196  27.332
206  174  16.863
206  175  40.283
206  176  75.032
206  177  309.693
206  178  399.49
206  179  143.097
206  180  46.589
206  195  22.71
206  196  17.274
207  176  43.205
207  177  102.079
207  178  341.045
207  179  343.077
207  180  95.113
207  181  35.74
207  196  50.263
207  197  62.031
208  176  24.618
208  177  62.769
208  179  400.326
208  180  280.577
208  181  72.729
208  182  22.968
208  193  25.732
208  197  79.594
208  198  32.413
209  177  44.495
209  179  468.804
209  180  408.12
209  181  194.355
209  182  51.66
209  192  20.607
209  195  16.83
209  197  63.667
210  177  39.7
210  178  105.192
210  179  94.814
210  180  318.28
210  181  360.115
210  182  134.46
210  183  35.16
210  191  16.186
210  195  32.92
211  178  19.048
211  179  44.672
211  180  148.864
211  181  341.711
211  182  287.746
211  183  77.459
211  190  23.561
212  180  46.861
212  181  163.891
212  182  338.54
212  183  229.318
212  184  52.042
212  189  24.84
213  180  43.123
213  181  77.829
213  182  227.02
213  183  337.23
213  184  161.907
213  185  34.253
213  188  27.772
214  181  39.118
214  182  112.47
214  183  305.668
214  184  305.473
214  185  108.617
214  186  24.528
214  187  29.277
215  182  38.49
215  183  170.389
215  184  324.38
215  185  242.87
215  186  59.195
215  187  18.182
216  182  21.087
216  183  55.946
216  184  200.061
216  185  291.67
216  186  105.565
217  181  35.416
217  182  107.948
217  183  182.181
217  184  187.784
217  185  147.164
217  186  35.594
218  178  17.475
218  179  50.484
218  180  161.12
218  181  211.844
218  182  140.62
218  183  59.288
218  184  26.081
218  185  15.478
219  176  15.693
219  177  48.333
219  178  189.945
219  180  141.185
219  181  33.922
220  174  20.817
220  177  220.606
220  178  111.96
221  173  61.272
221  174  277.246
221  175  216.343
222  172  217.75
222  173  256.035
222  174  115.355
223  171  17.528
223  172  54.9
223  173  17.235
new 
91  57  44.538
91  58  143.777
91  59  85.251
92  57  274.029
92  58  439.991
92  59  341.714
92  60  40.2
93  55  82.302
93  56  279.67
93  57  414.943
93  59  208.576
93  60  27.397
94  53  30.608
94  55  325.886
94  57  328.393
94  58  145.712
95  52  37.693
95  53  176.014
95  55  350.268
95  56  207.61
95  57  66.59
95  58  23.224
96  51  54.616
96  52  232.404
96  53  358.448
96  54  255.85
96  55  98.452
96  56  30.56
97  51  270.354
97  52  326.786
97  53  167.278
98  50  300.853
98  51  270.08
98  52  97.371
99  47  46.71
99  49  304.173
99  50  192.315
99  51  47.39
100  46  100.817
100  47  263.222
100  49  119.713
100  50  25.158
101  44  37.579
101  47  195.697
102  43  77.646
102  44  256.222
102  45  273.657
103  41  26.964
103  43  294.844
103  44  220.995
103  45  58.311
104  40  54.078
104  41  214.68
104  42  278.31
104  43  149.156
104  44  28.669
105  40  278.246
105  41  229.124
105  42  73.256
106  37  30.204
106  38  149.509
106  39  291.356
106  40  183.072
106  41  36.354
107  36  62.525
107  37  226.333
107  38  238.798
107  39  82.049
107  40  19.161
108  34  19.794
108  35  131.744
108  36  280.553
108  37  194.135
108  38  42.538
109  34  164.631
109  35  267.348
109  36  129.125
109  37  22.322
110  32  57.106
110  33  228.713
110  35  51.909
111  30  17.518
111  31  99.657
111  32  263.056
111  33  152.43
111  34  23.023
112  29  29.076
112  30  158.226
112  31  265.808
112  32  99.218
112  33  15.46
113  28  53.329
113  29  196.868
113  30  224.337
113  31  53.651
114  27  97.924
114  28  264.674
114  30  27.921
115  25  20.528
115  26  144.644
115  27  256.719
115  28  97.084
116  24  36.452
116  25  195.728
116  26  230.501
116  27  55.932
117  24  239.79
117  25  169.33
117  26  30.203
118  21  19.278
118  22  131.767
118  25  18.186
119  20  25.465
119  21  163.096
119  22  252.738
119  23  74.048
120  19  41.08
120  20  208.154
121  18  79.886
121  19  222.136
121  20  117.734
121  21  17.556
122  16  19.387
122  17  127.385
122  19  90.688
123  15  23.092
123  16  167.083
124  14  30.967
124  15  188.307
124  16  212.501
124  17  38.788
125  13  51.82
125  14  228.044
125  15  122.101
125  16  21.495
126  12  76.564
126  13  245.0
126  14  93.478
127  10  21.196
127  11  114.264
127  12  234.275
127  13  50.779
128  9  38.734
128  10  195.159
128  11  239.688
128  12  36.976
129  8  40.318
129  9  273.938
129  10  218.541
129  11  34.624
130  9  147.733
130  10  28.636
131  8  74.021
133  3  26.059
133  4  143.119
133  5  211.175
134  2  32.81
134  3  227.299
134  4  163.317
134  5  22.782
135  1  40.301
135  2  227.604
135  3  121.922
135  4  18.839
136  1  239.113
136  2  58.356
137  1  19.131
new 
157  142  23.977
158  141  90.361
159  140  92.334
159  141  101.694
160  139  29.476
160  140  150.547
160  141  34.338
161  139  113.9
161  140  106.973
162  138  47.931
162  139  160.22
162  140  33.492
163  138  133.94
163  139  105.352
164  137  55.104
164  138  150.18
164  139  22.864
165  137  142.861
165  138  73.112
166  136  80.176
166  137  145.536
166  138  15.484
167  135  26.741
167  136  173.722
167  137  69.687
168  135  95.517
168  136  148.266
169  134  33.873
169  135  152.466
169  136  48.472
170  134  155.438
170  135  157.948
171  133  43.048
171  134  189.669
171  135  61.852
172  133  153.491
172  134  148.985
173  132  85.159
173  133  206.18
173  134  43.214
174  131  29.764
174  132  187.04
174  133  131.395
175  131  99.561
175  132  168.579
175  133  27.833
176  130  38.201
176  131  175.965
176  132  64.875
177  130  134.154
177  131  140.709
178  129  72.552
178  131  46.207
179  128  25.731
179  129  168.458
179  130  106.912
180  128  128.51
180  130  22.679
181  127  77.08
181  128  167.409
182  126  37.179
182  127  193.303
182  128  150.794
183  126  158.607
183  127  224.34
183  128  44.593
184  125  79.473
184  126  232.791
184  127  121.559
185  124  26.403
185  125  175.263
185  126  173.507
185  127  23.006
186  124  121.004
186  125  209.248
186  126  48.78
187  123  62.528
187  124  206.697
187  125  107.876
188  122  32.347
188  123  191.882
188  124  164.45
188  125  18.653
189  122  135.842
189  123  205.334
189  124  43.548
190  121  93.158
190  122  226.294
190  123  93.622
191  120  33.199
191  121  212.355
191  122  200.74
191  123  23.754
192  120  140.548
192  121  263.159
192  122  94.207
195  118  74.093
195  120  183.888
195  121  18.461
196  117  30.33
196  118  205.541
196  120  67.399
197  116  18.649
197  117  127.897
197  120  19.603
198  115  21.924
198  116  69.893
198  117  267.378
198  118  294.03
199  114  38.863
199  115  84.182
199  116  230.177
199  117  344.753
199  118  207.296
200  114  179.89
200  116  429.194
200  117  351.361
200  118  117.72
201  112  27.84
201  113  140.091
201  114  475.625
201  115  474.893
201  117  447.369
202  112  44.612
202  113  251.249
202  114  570.033
202  115  309.024
202  116  306.268
202  117  525.352
202  118  141.733
203  112  37.513
203  113  210.424
203  114  521.261
203  115  384.19
203  116  417.054
203  117  464.424
203  118  123.34
204  112  23.064
204  113  100.817
204  116  460.81
204  117  223.787
204  118  55.313
205  114  84.572
205  116  112.771
205  117  50.693
205  118  18.867
206  114  17.056
206  115  25.297
206  116  21.713
new 
93  183  30.012
94  184  27.778
95  185  23.083
96  187  26.122
97  188  28.33
98  189  65.995
98  192  19.827
98  193  23.432
98  194  24.897
98  195  17.927
99  190  79.624
99  191  64.019
99  192  66.693
99  193  78.999
99  194  81.272
99  195  67.071
99  196  46.71
100  190  51.109
100  191  107.837
100  192  148.063
100  193  233.774
100  194  290.623
100  195  211.543
100  196  139.32
100  197  94.945
100  198  35.1
101  189  41.678
101  190  68.372
101  191  123.945
101  192  345.812
101  193  487.999
101  194  515.145
101  195  520.845
101  196  419.288
101  197  263.02
101  198  102.786
101  199  28.183
102  189  61.709
102  190  98.58
102  191  200.578
102  192  466.797
102  193  572.102
102  194  385.318
102  195  365.906
102  196  541.616
102  197  519.544
102  198  237.514
102  199  66.091
103  189  39.669
103  190  70.582
103  194  328.175
103  196  358.614
103  197  560.399
103  198  357.263
103  199  136.562
104  189  30.689
104  190  59.716
104  191  110.486
104  196  509.933
104  197  553.314
104  198  280.486
105  190  45.036
105  191  73.795
105  192  111.479
105  195  434.097
105  196  437.327
105  197  311.821
106  190  17.581
106  191  44.149
106  194  122.039
106  195  126.352
106  196  123.656
106  197  93.994
106  198  42.826
107  192  20.891
107  195  32.815
107  196  30.864
107  197  22.275
108  192  17.389
108  193  24.923
109  192  33.778
110  192  16.12
111  191  27.792
112  191  19.589
113  190  20.67
114  190  19.299
new 
227  60  60.094
227  61  29.792
228  58  26.383
228  60  335.233
228  61  213.652
228  62  50.255
228  63  27.943
228  64  26.093
228  65  25.483
228  66  26.56
228  68  25.197
228  72  18.636
228  76  39.822
228  77  37.149
228  78  18.435
228  82  21.324
228  83  29.784
228  84  46.083
228  85  26.32
228  87  22.166
228  88  24.323
228  89  31.731
228  92  17.605
228  93  21.619
228  94  25.063
228  95  19.306
228  96  21.006
228  97  26.408
228  98  24.587
228  99  37.512
228  100  31.928
228  103  44.677
228  104  60.269
228  105  26.213
228  107  44.594
228  108  27.263
228  109  37.005
228  110  47.805
228  111  27.497
228  112  28.95
228  113  31.806
228  114  43.122
228  115  47.554
228  116  40.234
228  117  39.415
228  118  33.689
228  119  34.526
229  61  294.469
229  62  179.536
229  63  139.957
229  64  134.158
229  65  143.513
229  66  144.156
229  67  147.75
229  76  169.253
229  77  181.709
229  82  165.535
229  83  177.841
229  84  204.58
229  85  189.455
229  87  187.912
229  88  190.602
229  89  218.678
229  92  166.635
229  93  179.624
229  94  186.637
229  95  165.557
229  96  163.689
229  97  181.506
229  98  166.938
229  99  198.071
229  104  237.532
229  105  151.536
229  108  150.185
229  109  177.861
229  110  204.081
229  111  151.468
229  112  154.353
229  113  164.29
229  114  178.171
229  115  182.172
229  116  170.994
229  117  176.872
229  118  200.169
229  119  205.895
229  120  189.263
230  59  182.177
230  61  115.029
230  62  39.409
230  63  16.309
230  77  15.454
230  83  17.75
230  84  18.457
230  85  19.594
230  87  16.829
230  88  16.961
230  89  20.592
230  93  15.277
230  94  18.153
230  98  15.033
230  99  18.04
230  101  21.9
230  104  23.006
230  110  16.838
230  114  15.321
230  115  15.596
230  117  16.677
230  118  17.913
230  119  17.801
230  120  17.744
230  121  15.015
231  59  99.325
231  61  28.386
233  58  17.759
234  58  27.287
235  58  25.848
235  59  124.796
236  58  16.063
236  59  123.885
237  57  25.55
237  59  93.177
237  60  64.837
238  57  20.881
238  59  121.514
238  60  58.563
239  59  139.082
239  60  52.157
240  59  204.108
240  60  73.37
241  60  47.219
new 
147  193  61.067
147  194  177.615
147  195  155.136
148  195  69.958
148  196  155.356
148  197  87.031
149  197  110.305
149  198  123.827
149  199  53.218
150  199  97.068
150  200  150.171
150  201  27.336
151  200  19.846
151  201  144.744
151  202  166.019
151  203  26.863
152  202  42.554
152  203  195.102
152  204  167.491
153  204  63.937
153  206  79.645
154  206  68.765
154  207  166.953
154  208  83.245
155  210  66.66
156  211  156.372
157  211  28.607
157  212  125.558
157  213  163.122
157  214  75.061
158  213  43.982
158  214  152.039
158  215  134.905
158  216  47.797
158  241  84.185
159  215  49.286
159  216  121.023
159  218  30.8
159  234  23.043
159  235  27.088
159  240  23.095
159  241  121.271
160  218  142.468
160  219  143.024
160  220  62.247
160  233  33.095
160  234  221.095
160  240  147.744
161  219  109.517
161  220  170.436
161  221  85.28
161  233  78.853
161  236  117.74
161  239  67.504
161  240  91.821
162  221  64.706
162  223  74.863
162  234  376.329
162  235  425.388
162  236  131.287
162  237  19.018
162  238  22.703
162  239  209.439
162  240  16.197
163  223  51.592
163  224  121.485
163  225  68.4
163  233  61.91
163  234  328.482
163  235  398.179
163  236  129.626
163  237  21.319
163  238  100.709
163  239  108.498
164  225  98.845
164  226  142.118
164  227  57.191
164  233  51.161
164  234  291.347
164  235  375.693
164  236  131.478
164  237  44.476
164  238  140.628
165  226  26.799
165  227  107.56
165  233  56.307
165  234  251.529
165  235  360.162
165  236  151.531
165  237  175.546
165  238  54.245
166  229  112.446
166  232  62.621
166  233  203.869
166  234  252.342
166  235  374.56
166  236  197.005
166  237  191.913
166  238  20.672
167  231  154.009
167  232  241.5
167  233  437.045
167  234  420.262
167  235  346.133
167  236  247.048
167  237  89.97
168  231  43.82
168  232  210.978
168  233  462.216
168  234  491.489
168  235  399.77
168  236  265.526
168  237  43.557
169  228  28.576
169  229  46.442
169  230  69.826
169  231  85.201
169  232  77.157
169  233  193.523
169  234  376.382
169  235  366.815
169  236  194.259
169  237  24.42
170  233  35.376
170  235  143.57
170  236  44.156
new 
127  173  24.387
127  174  27.832
127  175  23.822
128  172  34.345
128  173  46.861
128  174  153.416
128  175  186.212
128  176  22.606
129  170  30.621
129  171  32.118
129  172  51.012
129  173  107.799
129  174  528.904
129  175  111.512
129  176  25.259
130  169  33.148
130  170  44.098
130  171  52.255
130  172  77.003
130  173  391.907
130  174  385.38
130  175  67.616
130  176  24.955
131  168  27.047
131  169  40.773
131  170  58.095
131  171  107.486
131  172  281.679
131  173  443.549
131  175  48.733
131  176  17.268
132  168  28.913
132  169  49.231
132  170  179.907
132  171  436.436
132  172  555.151
132  173  354.64
132  174  66.465
132  175  45.736
133  168  32.467
133  169  51.25
133  170  307.418
133  171  492.406
133  172  491.702
133  173  337.922
133  174  65.09
133  175  35.309
134  168  31.78
134  169  47.259
134  170  198.535
134  171  451.983
134  172  440.921
134  173  202.04
134  174  56.326
134  175  25.711
135  168  23.072
135  169  38.726
135  170  70.452
135  171  130.594
135  172  161.204
135  173  56.583
135  174  38.117
136  169  33.466
136  170  51.718
136  171  54.29
136  172  101.102
136  173  32.889
137  169  45.41
137  170  21.18
137  171  34.434
137  172  89.382
138  168  17.901
138  169  30.161
138  171  16.091
138  172  103.431
139  168  46.453
139  172  85.939
140  167  30.413
140  172  82.097
141  167  31.843
141  172  98.263
142  166  18.104
142  172  119.195
142  173  22.587
143  172  104.064
143  173  17.437
144  172  93.18
144  173  22.898
145  172  83.52
145  173  30.644
146  172  72.063
146  173  36.13
147  172  57.322
147  173  40.294
148  172  38.359
148  173  38.431
149  172  41.145
149  173  61.63
150  172  40.853
150  173  74.269
151  172  27.524
151  173  77.268
152  172  21.086
152  173  90.433
153  173  77.734
154  173  76.548
155  173  79.316
156  173  102.067
157  173  97.38
158  173  86.499
159  173  92.416
160  173  73.084
161  173  76.653
161  174  17.283
162  173  67.244
162  174  21.666
163  173  56.602
163  174  26.176
164  173  49.45
164  174  35.328
165  173  44.486
165  174  44.862
166  173  31.234
166  174  49.153
167  173  28.35
167  174  59.66
168  173  28.465
168  174  82.207
169  173  23.48
169  174  98.807
170  173  22.103
170  174  159.768
170  175  21.348
171  174  81.644
172  174  68.507
173  174  92.323
174  174  91.575
175  174  126.608
176  174  113.036
177  174  85.827
178  174  114.393
179  174  77.135
180  174  89.004
180  175  21.277
181  174  121.925
181  175  66.114
182  174  99.995
182  175  47.672
183  174  58.833
183  175  29.674
184  174  50.096
184  175  37.631
185  174  40.813
185  175  44.352
186  174  35.983
186  175  52.874
187  174  25.562
187  175  52.391
188  175  58.512
191  175  76.834
192  175  88.868
193  175  124.925
194  174  29.454
195  175  75.796
197  175  66.101
new 
49  179  19.853
50  179  23.345
50  184  59.108
51  179  99.019
51  180  252.471
51  183  19.55
51  184  37.987
52  178  19.314
52  179  193.282
52  181  16.484
52  184  17.535
53  178  22.637
53  179  239.002
54  178  36.224
54  182  33.018
55  177  25.285
55  178  74.916
55  182  56.533
56  177  51.781
56  178  135.091
56  179  238.838
56  180  56.202
56  181  39.53
56  182  77.682
57  178  191.353
57  179  199.682
57  180  69.525
57  181  72.421
58  173  94.064
58  174  64.459
58  176  89.393
58  179  164.927
58  180  97.993
58  181  112.219
59  173  42.038
59  174  116.322
59  175  102.756
59  176  158.382
59  177  383.315
59  178  481.582
59  179  362.311
59  180  180.81
59  181  139.211
60  173  46.755
60  174  76.767
60  175  140.033
60  176  354.788
60  179  560.52
60  180  512.992
60  181  343.02
60  182  124.971
61  173  58.273
61  174  88.04
61  175  134.454
61  176  440.647
61  180  562.907
61  183  92.216
62  173  63.921
62  174  94.233
62  175  132.243
62  176  452.402
62  177  568.584
62  179  602.861
63  173  67.866
63  174  96.446
63  175  142.261
63  176  453.335
63  177  523.06
63  178  442.238
63  179  518.768
63  181  439.88
63  182  172.074
64  172  48.006
64  173  73.062
64  174  100.538
64  175  199.71
64  176  492.863
64  177  493.177
64  178  228.397
64  181  179.554
64  182  101.317
64  183  71.571
65  172  55.459
65  173  77.924
65  174  106.374
65  175  324.614
65  176  525.836
65  177  429.392
65  178  137.611
65  181  93.277
65  182  73.313
65  183  54.235
66  174  117.349
66  175  454.439
66  176  550.737
66  177  332.62
66  182  53.439
67  173  85.122
67  174  185.999
67  175  543.982
67  176  518.441
67  177  165.608
67  179  80.731
67  180  62.411
68  173  96.16
68  174  398.262
68  175  580.297
68  176  381.14
68  179  64.537
68  180  45.365
69  170  32.507
69  171  50.598
69  179  50.613
70  170  33.663
70  171  50.939
70  172  82.237
70  176  104.768
70  179  36.782
71  171  49.828
71  172  93.57
71  175  138.797
71  176  95.58
71  177  116.286
71  178  41.514
72  171  42.473
72  172  71.669
72  175  89.452
72  176  100.29
72  177  115.387
72  178  22.713
73  171  36.423
73  175  60.288
73  176  91.051
73  177  38.686
74  171  24.943
74  173  28.051
74  174  39.658
74  175  44.409
74  176  117.973
74  177  20.546
75  171  17.677
75  173  26.638
75  174  27.343
75  175  69.078
75  176  64.442
79  174  77.727
80  174  63.067
81  173  36.061
new 
210  188  34.786
210  189  16.664
211  188  201.924
211  189  114.707
211  190  47.59
211  191  24.781
212  189  255.355
212  190  239.761
212  191  173.385
212  192  80.821
212  193  33.603
212  194  21.604
213  189  78.988
213  190  179.14
213  191  262.443
213  192  276.184
213  193  211.564
213  194  109.551
213  195  44.998
213  196  27.972
214  190  28.52
214  191  70.68
214  192  176.173
214  193  277.997
214  194  300.837
214  195  246.776
214  196  137.321
214  197  66.072
214  198  37.641
214  199  30.764
214  200  24.359
215  192  29.459
215  193  61.862
215  194  152.232
215  195  243.495
215  196  287.767
215  197  285.009
215  198  204.773
215  199  117.158
215  200  52.82
215  201  37.317
215  202  32.75
215  203  26.342
215  204  22.549
216  194  28.039
216  195  46.892
216  196  119.258
216  197  239.364
216  198  320.882
216  201  192.691
216  202  98.923
216  203  49.777
216  204  35.779
216  205  27.106
217  196  27.424
217  197  43.242
217  201  360.895
217  202  355.194
217  203  288.371
217  204  181.751
217  205  63.857
217  206  26.72
218  199  42.323
218  200  94.681
218  201  227.179
218  202  354.166
218  203  418.043
218  204  414.222
218  205  286.806
218  206  35.609
219  199  24.549
219  200  33.517
219  201  44.219
219  202  105.38
219  203  271.778
219  204  357.574
219  205  239.533
219  206  33.896
220  201  28.071
220  202  31.837
220  203  40.289
220  204  56.321
220  205  37.178
220  206  21.957
221  202  17.904
221  203  21.124
221  204  21.625
221  205  17.868
