new 
177  1  57.387
177  23  36.358
178  2  46.946
178  3  22.442
178  23  19.297
179  3  17.498
179  4  48.648
179  5  19.113
179  7  32.793
179  8  53.001
179  9  19.509
179  23  26.023
180  5  27.754
180  6  54.072
180  7  264.422
180  8  359.31
180  9  147.733
180  10  15.325
180  14  32.076
180  23  33.416
181  6  70.266
181  7  384.618
181  8  450.23
181  9  247.059
181  10  26.681
181  15  31.55
181  23  19.395
181  24  23.711
182  6  35.964
182  7  238.968
182  8  334.219
182  9  135.201
182  10  15.963
182  16  21.744
182  23  120.813
182  24  34.975
183  7  31.171
183  8  40.457
183  9  33.247
183  10  37.648
183  16  18.483
183  17  28.521
183  24  54.607
184  10  45.135
184  11  30.439
184  17  18.985
184  24  25.145
185  11  35.119
185  24  75.277
185  25  34.968
186  12  27.736
186  19  28.301
186  25  18.44
187  13  35.114
187  20  29.321
187  25  59.066
188  14  25.386
188  21  23.392
188  25  33.601
189  15  25.931
189  25  26.117
190  15  22.746
190  26  15.879
191  16  23.069
191  26  24.882
192  17  28.72
192  26  40.586
193  26  49.857
194  26  15.548
195  19  17.349
195  27  27.706
196  20  15.555
196  27  31.804
197  21  27.044
197  22  30.832
197  27  27.122
198  22  52.182
198  23  16.511
198  27  27.632
199  23  77.228
199  24  25.347
199  27  18.274
200  24  37.382
201  25  49.23
202  25  22.414
202  26  55.704
203  26  27.37
203  27  33.009
204  27  42.372
204  28  31.221
205  28  29.691
206  29  43.468
207  30  49.804
nw 
3  199  20.594
4  198  32.751
4  199  275.651
4  200  31.982
5  198  54.012
5  199  388.643
5  200  52.553
6  200  53.865
7  198  120.09
7  199  351.528
8  197  19.977
8  198  161.684
8  199  324.546
8  200  47.221
9  190  27.961
9  191  49.933
9  194  22.112
9  197  26.161
9  198  185.533
9  199  289.09
9  200  41.381
10  189  34.021
10  190  109.316
10  191  262.002
10  192  275.172
10  193  155.48
10  194  82.222
10  195  33.672
10  196  19.719
10  197  30.817
10  198  188.617
10  199  259.245
10  200  36.401
11  190  354.6
11  191  541.035
11  192  544.469
11  193  478.518
11  194  253.052
11  195  108.184
11  196  48.205
11  197  39.962
11  198  193.616
11  199  234.647
12  188  21.917
12  192  389.622
12  193  523.364
12  194  518.261
12  195  347.691
12  196  145.605
12  197  78.49
12  198  199.822
12  200  37.751
13  188  18.061
13  189  94.599
13  190  338.579
13  191  547.091
13  195  495.872
13  196  413.682
13  199  256.228
13  200  48.186
13  202  38.234
13  203  53.93
14  189  41.494
14  190  139.018
14  198  357.724
14  199  329.344
14  200  81.598
14  201  88.22
14  202  68.126
15  189  16.261
15  190  47.081
15  192  210.688
15  199  429.793
15  200  190.866
15  201  43.107
16  192  67.914
16  194  254.951
16  197  478.164
16  199  477.513
16  200  246.703
16  201  100.766
16  202  59.859
16  203  45.809
16  204  32.983
16  205  17.794
17  192  19.265
17  193  35.265
17  196  263.299
17  200  160.712
17  201  88.999
17  202  48.214
17  203  58.311
17  204  64.837
17  205  67.334
17  206  61.606
17  207  67.974
17  209  72.254
17  210  101.045
17  211  58.437
17  212  55.713
17  213  47.758
18  197  114.854
18  200  108.758
18  201  62.051
18  210  17.025
18  212  22.949
18  213  31.988
18  214  41.531
18  216  71.247
19  198  24.446
