0  0  0  0  0  nan  nan
0  0  0  1000  1  0.72297  0.0
0  0  0  2000  0  nan  nan
0  0  0  3000  0  nan  nan
0  0  0  4000  0  nan  nan
0  0  0  5000  0  nan  nan
0  0  0  6000  2  5.75161  1.14178
0  0  0  7000  6  6.29536333333  0.436750099701
0  0  0  8000  1  8.59035  0.0
0  0  0  9000  2  8.86775  0.36691
0  0  0  10000  8  8.4654325  0.911956312341
0  0  1000  0  0  nan  nan
0  0  1000  1000  0  nan  nan
0  0  1000  2000  1  2.47797  0.0
0  0  1000  3000  0  nan  nan
0  0  1000  4000  0  nan  nan
0  0  1000  5000  0  nan  nan
0  0  1000  6000  0  nan  nan
0  0  1000  7000  1  8.41479  0.0
0  0  1000  8000  1  8.70451  0.0
0  0  1000  9000  1  9.22139  0.0
0  0  1000  10000  1  10.7583  0.0
0  0  2000  0  0  nan  nan
0  0  2000  1000  0  nan  nan
0  0  2000  2000  0  nan  nan
0  0  2000  3000  0  nan  nan
0  0  2000  4000  6  5.02775333333  0.130332464959
0  0  2000  5000  2  4.93834  0.06537
0  0  2000  6000  0  nan  nan
0  0  2000  7000  0  nan  nan
0  0  2000  8000  0  nan  nan
0  0  2000  9000  0  nan  nan
0  0  2000  10000  0  nan  nan
0  0  3000  0  0  nan  nan
0  0  3000  1000  0  nan  nan
0  0  3000  2000  0  nan  nan
0  0  3000  3000  0  nan  nan
0  0  3000  4000  1  3.68338  0.0
0  0  3000  5000  3  7.56639666667  0.241704814506
0  0  3000  6000  18  7.39578333333  0.278782566847
0  0  3000  7000  12  7.37564  0.206286195773
0  0  3000  8000  6  7.11035166667  0.206380828601
0  0  3000  9000  0  nan  nan
0  0  3000  10000  0  nan  nan
0  0  4000  0  0  nan  nan
0  0  4000  1000  0  nan  nan
0  0  4000  2000  0  nan  nan
0  0  4000  3000  1  5.14842  0.0
0  0  4000  4000  2  4.794775  0.007255
0  0  4000  5000  1  5.09748  0.0
0  0  4000  6000  0  nan  nan
0  0  4000  7000  5  9.98243  0.310403320859
0  0  4000  8000  8  9.76686125  0.203045430781
0  0  4000  9000  7  9.53765  0.294618136577
0  0  4000  10000  7  9.35596  0.208925353313
0  0  5000  0  0  nan  nan
0  0  5000  1000  0  nan  nan
0  0  5000  2000  0  nan  nan
0  0  5000  3000  0  nan  nan
0  0  5000  4000  3  6.35377333333  0.21472176917
0  0  5000  5000  4  5.9087175  0.434673403452
0  0  5000  6000  6  5.97828  0.574117791398
0  0  5000  7000  3  6.11202666667  0.043622640401
0  0  5000  8000  1  6.15925  0.0
0  0  5000  9000  0  nan  nan
0  0  5000  10000  0  nan  nan
0  0  6000  0  1  6.10526  0.0
0  0  6000  1000  0  nan  nan
0  0  6000  2000  0  nan  nan
0  0  6000  3000  0  nan  nan
0  0  6000  4000  1  6.32341  0.0
0  0  6000  5000  5  7.3419  0.164438789584
0  0  6000  6000  4  7.37341  0.254368947889
0  0  6000  7000  6  6.962275  0.580830885851
0  0  6000  8000  6  7.01814666667  0.48231330729
0  0  6000  9000  2  7.182  0.10463
0  0  6000  10000  0  nan  nan
0  0  7000  0  0  nan  nan
0  0  7000  1000  0  nan  nan
0  0  7000  2000  0  nan  nan
0  0  7000  3000  0  nan  nan
0  0  7000  4000  0  nan  nan
0  0  7000  5000  2  6.83954  0.30057
0  0  7000  6000  6  8.22065333333  0.606803937052
0  0  7000  7000  8  8.24063375  0.671961150327
0  0  7000  8000  4  7.29825  0.703761619336
0  0  7000  9000  0  nan  nan
0  0  7000  10000  1  8.26915  0.0
0  0  8000  0  0  nan  nan
0  0  8000  1000  0  nan  nan
0  0  8000  2000  0  nan  nan
0  0  8000  3000  0  nan  nan
0  0  8000  4000  0  nan  nan
0  0  8000  5000  0  nan  nan
0  0  8000  6000  2  7.707015  0.066515
0  0  8000  7000  11  9.01833818182  0.826450679899
0  0  8000  8000  8  8.677135  0.843866621689
0  0  8000  9000  3  8.16203  0.201039390668
0  0  8000  10000  3  8.20166666667  0.246572717784
0  0  9000  0  0  nan  nan
0  0  9000  1000  0  nan  nan
0  0  9000  2000  0  nan  nan
0  0  9000  3000  0  nan  nan
0  0  9000  4000  0  nan  nan
0  0  9000  5000  0  nan  nan
0  0  9000  6000  3  8.36419  0.277272149701
0  0  9000  7000  4  8.685045  0.285476403972
0  0  9000  8000  3  8.72633666667  0.183672520596
0  0  9000  9000  4  8.64227  0.211933706262
0  0  9000  10000  2  8.513955  0.116965
0  0  10000  0  0  nan  nan
0  0  10000  1000  0  nan  nan
0  0  10000  2000  0  nan  nan
0  0  10000  3000  0  nan  nan
0  0  10000  4000  0  nan  nan
0  0  10000  5000  0  nan  nan
0  0  10000  6000  0  nan  nan
0  0  10000  7000  3  9.26877  0.600308945627
0  0  10000  8000  2  9.01597  0.5884
0  0  10000  9000  1  9.73766  0.0
0  0  10000  10000  2  9.766045  0.027065
0  1000  0  0  1  2.03311  0.0
0  1000  0  1000  8  1.58194  0.389452192701
0  1000  0  2000  2  2.549945  0.054215
0  1000  0  3000  0  nan  nan
0  1000  0  4000  0  nan  nan
0  1000  0  5000  0  nan  nan
0  1000  0  6000  3  4.93662666667  0.718307307
0  1000  0  7000  3  6.34573333333  0.380605916431
0  1000  0  8000  3  7.11612333333  1.05439055479
0  1000  0  9000  4  7.9026725  0.632897706481
0  1000  0  10000  7  8.50606428571  0.96925936001
0  1000  1000  0  28  1.26942367857  0.445198845189
0  1000  1000  1000  87  1.26290628736  0.351230152485
0  1000  1000  2000  28  2.49299321429  0.535620544689
0  1000  1000  3000  5  2.723708  0.144320815325
0  1000  1000  4000  1  2.67693  0.0
0  1000  1000  5000  0  nan  nan
0  1000  1000  6000  0  nan  nan
0  1000  1000  7000  1  8.33178  0.0
0  1000  1000  8000  1  8.71432  0.0
0  1000  1000  9000  1  9.23593  0.0
0  1000  1000  10000  1  10.7639  0.0
0  1000  2000  0  13  2.31611461538  0.340860841595
0  1000  2000  1000  42  2.33245857143  0.365212412887
0  1000  2000  2000  99  2.37923282828  0.312793825532
0  1000  2000  3000  23  2.57300304348  0.633652834613
0  1000  2000  4000  33  5.04342121212  0.747512055724
0  1000  2000  5000  18  5.11742388889  0.199145282092
0  1000  2000  6000  11  5.08191  0.0944892799114
0  1000  2000  7000  3  5.06201666667  0.0650305591412
0  1000  2000  8000  2  5.05636  0.08049
0  1000  2000  9000  0  nan  nan
0  1000  2000  10000  0  nan  nan
0  1000  3000  0  2  4.05746  0.27871
0  1000  3000  1000  1  3.76677  0.0
0  1000  3000  2000  10  2.998395  0.321327085016
0  1000  3000  3000  53  3.6360645283  0.326108365278
0  1000  3000  4000  16  3.84463375  0.298290614269
0  1000  3000  5000  15  7.06991  1.74942553989
0  1000  3000  6000  35  7.64628742857  0.732835740833
0  1000  3000  7000  29  7.6284462069  0.348265504568
0  1000  3000  8000  29  7.47667517241  0.285212382894
0  1000  3000  9000  21  7.44054047619  0.19140354924
0  1000  3000  10000  8  7.4389425  0.178417728712
0  1000  4000  0  0  nan  nan
0  1000  4000  1000  0  nan  nan
0  1000  4000  2000  0  nan  nan
0  1000  4000  3000  27  4.62900148148  0.445744127065
0  1000  4000  4000  59  4.9018340678  0.252525991266
0  1000  4000  5000  20  4.951249  0.192395758475
0  1000  4000  6000  4  4.8125475  0.0606080429378
0  1000  4000  7000  6  9.91300166667  0.189329047201
0  1000  4000  8000  9  9.83649333333  0.179761044229
0  1000  4000  9000  6  9.80213666667  0.169180648388
0  1000  4000  10000  10  9.783301  0.219199081542
0  1000  5000  0  0  nan  nan
0  1000  5000  1000  0  nan  nan
0  1000  5000  2000  0  nan  nan
0  1000  5000  3000  0  nan  nan
0  1000  5000  4000  45  5.87971533333  0.577327539223
0  1000  5000  5000  57  6.06418701754  0.441497587977
0  1000  5000  6000  28  6.16357571429  0.377900121115
0  1000  5000  7000  8  6.121195  0.215903787774
0  1000  5000  8000  4  6.2945675  0.210103207302
0  1000  5000  9000  3  6.38645333333  0.160889462952
0  1000  5000  10000  0  nan  nan
0  1000  6000  0  2  6.33421  0.2398
0  1000  6000  1000  0  nan  nan
0  1000  6000  2000  0  nan  nan
0  1000  6000  3000  0  nan  nan
0  1000  6000  4000  5  5.863232  0.4001997398
0  1000  6000  5000  62  6.95621725806  0.652125288534
0  1000  6000  6000  51  7.08471117647  0.595768435495
0  1000  6000  7000  32  7.226995625  0.477811094203
0  1000  6000  8000  12  7.40798416667  0.317742211902
0  1000  6000  9000  5  7.526448  0.630839756274
0  1000  6000  10000  3  7.13667  0.0377014491322
0  1000  7000  0  0  nan  nan
0  1000  7000  1000  0  nan  nan
0  1000  7000  2000  0  nan  nan
0  1000  7000  3000  0  nan  nan
0  1000  7000  4000  1  6.14447  0.0
0  1000  7000  5000  9  7.13470333333  1.14243664921
0  1000  7000  6000  51  7.97306882353  0.745640612664
0  1000  7000  7000  46  8.26195108696  0.676012436483
0  1000  7000  8000  27  8.60294518519  0.824249677268
0  1000  7000  9000  14  8.76628285714  0.66061500723
0  1000  7000  10000  3  8.49317666667  0.12532845815
0  1000  8000  0  0  nan  nan
0  1000  8000  1000  0  nan  nan
0  1000  8000  2000  0  nan  nan
0  1000  8000  3000  0  nan  nan
0  1000  8000  4000  0  nan  nan
0  1000  8000  5000  2  7.72813  0.72969
0  1000  8000  6000  15  8.198526  0.849423561488
0  1000  8000  7000  45  8.89368622222  0.838058861985
0  1000  8000  8000  27  9.18677888889  0.59139359457
0  1000  8000  9000  18  9.05678222222  0.667838935902
0  1000  8000  10000  10  9.020401  0.659647377656
0  1000  9000  0  0  nan  nan
0  1000  9000  1000  0  nan  nan
0  1000  9000  2000  0  nan  nan
0  1000  9000  3000  0  nan  nan
0  1000  9000  4000  0  nan  nan
0  1000  9000  5000  0  nan  nan
0  1000  9000  6000  6  8.22697833333  0.53583070714
0  1000  9000  7000  16  8.897280625  0.862562142221
0  1000  9000  8000  18  9.04265666667  0.697493951483
0  1000  9000  9000  8  8.8686075  0.627489131853
0  1000  9000  10000  7  8.75233428571  0.36819765879
0  1000  10000  0  0  nan  nan
0  1000  10000  1000  0  nan  nan
0  1000  10000  2000  0  nan  nan
0  1000  10000  3000  0  nan  nan
0  1000  10000  4000  0  nan  nan
0  1000  10000  5000  0  nan  nan
0  1000  10000  6000  4  9.2038775  0.227988926198
0  1000  10000  7000  8  9.28311875  0.421179591814
0  1000  10000  8000  8  9.42188  0.560584767096
0  1000  10000  9000  7  9.35521714286  0.624159516189
0  1000  10000  10000  6  9.45770166667  0.51799305489
0  2000  0  0  13  2.91228692308  0.833137701107
0  2000  0  1000  17  2.79553294118  0.932820842945
0  2000  0  2000  30  3.09080966667  0.868986754903
0  2000  0  3000  19  3.35527736842  0.673016924749
0  2000  0  4000  5  4.6425  0.771394744524
0  2000  0  5000  2  5.907455  0.293645
0  2000  0  6000  3  4.93643333333  0.719894600356
0  2000  0  7000  2  6.55744  0.29545
0  2000  0  8000  1  6.5649  0.0
0  2000  0  9000  4  7.9040575  0.633118239406
0  2000  0  10000  6  8.70443  0.908521766883
0  2000  1000  0  19  2.67881  0.786203442655
0  2000  1000  1000  24  2.61392583333  0.852524070364
0  2000  1000  2000  45  3.07123733333  0.760743491754
0  2000  1000  3000  30  3.18504966667  0.54197424805
0  2000  1000  4000  10  4.341557  1.0180646526
0  2000  1000  5000  2  6.352875  0.401445
0  2000  1000  6000  0  nan  nan
0  2000  1000  7000  0  nan  nan
0  2000  1000  8000  1  10.8483  0.0
0  2000  1000  9000  0  nan  nan
0  2000  1000  10000  0  nan  nan
0  2000  2000  0  86  3.20519674419  1.34522159562
0  2000  2000  1000  109  3.10585055046  1.29960955763
0  2000  2000  2000  256  2.77870527344  0.989141972625
0  2000  2000  3000  136  3.73417220588  1.4338726812
0  2000  2000  4000  151  5.55172370861  0.6986275034
0  2000  2000  5000  110  5.625624  0.43649728069
0  2000  2000  6000  57  5.50510280702  0.297298662101
0  2000  2000  7000  28  5.3958075  0.221336396765
0  2000  2000  8000  9  5.35434444444  0.223141624739
0  2000  2000  9000  2  5.268405  0.049815
0  2000  2000  10000  0  nan  nan
0  2000  3000  0  255  3.61920498039  0.572334716943
0  2000  3000  1000  282  3.59177882979  0.572645857322
0  2000  3000  2000  491  3.48827517312  0.585703376442
0  2000  3000  3000  514  3.58673428016  0.564745008692
0  2000  3000  4000  271  3.81313284133  0.678397261737
0  2000  3000  5000  141  4.8559412766  1.769681038
0  2000  3000  6000  112  7.07448848214  1.80293036806
0  2000  3000  7000  120  7.5681005  1.13593117246
0  2000  3000  8000  74  7.79918337838  0.342105547627
0  2000  3000  9000  48  7.73847916667  0.265909243594
0  2000  3000  10000  30  7.67489266667  0.233094089928
0  2000  4000  0  75  4.6533548  0.658556107693
0  2000  4000  1000  93  4.6924816129  0.638865277461
0  2000  4000  2000  223  4.71453986547  0.742930824034
0  2000  4000  3000  558  4.74057035842  0.716723272322
0  2000  4000  4000  524  4.90451049618  0.629098897615
0  2000  4000  5000  272  4.91733180147  0.500034109138
0  2000  4000  6000  132  4.90672780303  0.397699911795
0  2000  4000  7000  33  5.20170393939  0.891414533332
0  2000  4000  8000  11  6.79538545455  2.32610385006
0  2000  4000  9000  11  9.38723272727  1.31507588341
0  2000  4000  10000  12  9.839505  0.173906898823
0  2000  5000  0  7  5.64668714286  0.504690484037
0  2000  5000  1000  8  5.57676375  0.503111714929
0  2000  5000  2000  16  5.37566375  0.497152452748
0  2000  5000  3000  84  5.15179654762  0.664256237382
0  2000  5000  4000  390  5.76602717949  0.624645412329
0  2000  5000  5000  405  6.00324269136  0.580294383857
0  2000  5000  6000  258  6.06236162791  0.473922056826
0  2000  5000  7000  140  6.14054164286  0.387352868257
0  2000  5000  8000  54  6.19665185185  0.318729725165
0  2000  5000  9000  13  6.34779615385  0.264842174847
0  2000  5000  10000  1  5.81154  0.0
0  2000  6000  0  1  6.26783  0.0
0  2000  6000  1000  1  6.26768  0.0
0  2000  6000  2000  5  6.115702  0.234341936955
0  2000  6000  3000  12  5.97251  0.592330973063
0  2000  6000  4000  111  6.42672315315  0.645762141116
0  2000  6000  5000  339  6.8942380236  0.617581395149
0  2000  6000  6000  371  7.17526617251  0.577019708151
0  2000  6000  7000  256  7.3053709375  0.484025128367
0  2000  6000  8000  130  7.29192015385  0.550482173577
0  2000  6000  9000  39  7.31750564103  0.458974067318
0  2000  6000  10000  14  7.34576642857  0.438212014434
0  2000  7000  0  0  nan  nan
0  2000  7000  1000  0  nan  nan
0  2000  7000  2000  0  nan  nan
0  2000  7000  3000  0  nan  nan
0  2000  7000  4000  6  6.65821  0.522696405128
0  2000  7000  5000  130  7.64760730769  0.748290317762
0  2000  7000  6000  328  8.10082521341  0.743038445776
0  2000  7000  7000  300  8.29776586667  0.709602189641
0  2000  7000  8000  190  8.42751842105  0.707210994482
0  2000  7000  9000  83  8.46671108434  0.705306776844
0  2000  7000  10000  37  8.64506297297  0.559094209466
0  2000  8000  0  1  6.75884  0.0
0  2000  8000  1000  0  nan  nan
0  2000  8000  2000  0  nan  nan
0  2000  8000  3000  0  nan  nan
0  2000  8000  4000  1  7.04321  0.0
0  2000  8000  5000  18  7.49113111111  0.434869805177
0  2000  8000  6000  125  8.7830672  0.944670671934
0  2000  8000  7000  242  9.0308857438  0.813728035169
0  2000  8000  8000  165  9.08667521212  0.785640309744
0  2000  8000  9000  81  9.14243938272  0.816544703664
0  2000  8000  10000  45  9.14478177778  0.748954873176
0  2000  9000  0  0  nan  nan
0  2000  9000  1000  0  nan  nan
0  2000  9000  2000  0  nan  nan
0  2000  9000  3000  0  nan  nan
0  2000  9000  4000  0  nan  nan
0  2000  9000  5000  3  8.11469333333  0.350530389014
0  2000  9000  6000  23  8.51704391304  0.859661801032
0  2000  9000  7000  59  9.21204389831  0.710218410923
0  2000  9000  8000  57  9.02652719298  0.634450143443
0  2000  9000  9000  36  8.98879833333  0.674672110553
0  2000  9000  10000  24  9.02945041667  0.696280863909
0  2000  10000  0  0  nan  nan
0  2000  10000  1000  0  nan  nan
0  2000  10000  2000  0  nan  nan
0  2000  10000  3000  1  9.70288  0.0
0  2000  10000  4000  1  9.69107  0.0
0  2000  10000  5000  0  nan  nan
0  2000  10000  6000  11  9.11587909091  0.556929739056
0  2000  10000  7000  12  9.36558166667  0.425706198096
0  2000  10000  8000  23  9.36447608696  0.465884791606
0  2000  10000  9000  17  9.25128470588  0.480167331582
0  2000  10000  10000  10  9.524794  0.436828152417
0  3000  0  0  24  4.600730625  1.68224981836
0  3000  0  1000  24  4.97255916667  1.30594719017
0  3000  0  2000  38  5.02020236842  1.26669707251
0  3000  0  3000  85  5.18323388235  0.888550090812
0  3000  0  4000  86  5.29121523256  0.785917852737
0  3000  0  5000  46  5.36966695652  0.902664339148
0  3000  0  6000  32  6.286740625  1.27744176575
0  3000  0  7000  24  7.82488208333  1.4590597227
0  3000  0  8000  6  6.93355666667  1.12542249213
0  3000  0  9000  6  7.83610166667  0.68784462561
0  3000  0  10000  7  8.34509571429  0.797921015226
0  3000  1000  0  28  4.47931  1.4862055978
0  3000  1000  1000  31  4.45240354839  1.43957365537
0  3000  1000  2000  56  4.34474285714  1.43627407557
0  3000  1000  3000  113  4.6302120354  1.19214613657
0  3000  1000  4000  92  5.104855  0.936502628147
0  3000  1000  5000  46  5.27395565217  0.909290293609
0  3000  1000  6000  32  6.2109953125  1.21387438314
0  3000  1000  7000  24  8.04758458333  1.43963114392
0  3000  1000  8000  5  9.391644  0.737580833878
0  3000  1000  9000  1  8.73129  0.0
0  3000  1000  10000  1  9.24696  0.0
0  3000  2000  0  196  5.01788903061  1.64410205043
0  3000  2000  1000  205  4.95232346341  1.67925453341
0  3000  2000  2000  252  4.67467694444  1.72315789665
0  3000  2000  3000  304  5.04110733553  1.46227836001
0  3000  2000  4000  335  5.47945131343  1.05029629206
0  3000  2000  5000  263  5.84858730038  0.69181644549
0  3000  2000  6000  197  6.11004847716  0.732581464114
0  3000  2000  7000  136  6.34010595588  0.9171479137
0  3000  2000  8000  68  6.28343691176  0.715060872753
0  3000  2000  9000  33  6.11602484848  0.235186135274
0  3000  2000  10000  16  6.22183  0.205474656892
0  3000  3000  0  214  4.78150191589  1.96618488292
0  3000  3000  1000  226  4.8243529646  1.97664580203
0  3000  3000  2000  382  4.3834432199  1.75381991556
0  3000  3000  3000  606  4.41019209571  1.57486029861
0  3000  3000  4000  453  5.06358905077  1.7873401138
0  3000  3000  5000  347  6.65997242075  2.11366912742
0  3000  3000  6000  359  8.08032306407  1.35242470162
0  3000  3000  7000  280  8.42976346429  0.847363772651
0  3000  3000  8000  178  8.33083224719  0.621784089517
0  3000  3000  9000  126  8.20451261905  0.433026113942
0  3000  3000  10000  85  8.08775388235  0.356548823787
0  3000  4000  0  613  4.74895515498  0.865984092561
0  3000  4000  1000  628  4.74264140127  0.87638512214
0  3000  4000  2000  735  4.73060008163  0.878494889252
0  3000  4000  3000  1293  4.71222962877  0.807113586387
0  3000  4000  4000  1374  4.85014660116  0.764155777087
0  3000  4000  5000  891  4.9935601459  0.819960998809
0  3000  4000  6000  487  5.29005607803  0.983121375869
0  3000  4000  7000  242  5.71423227273  1.22841202077
0  3000  4000  8000  93  6.28725623656  1.55775986248
0  3000  4000  9000  36  7.38561527778  1.90797554443
0  3000  4000  10000  17  8.65955294118  1.69784600114
0  3000  5000  0  968  6.15047366736  0.794760663524
0  3000  5000  1000  1012  6.1367780336  0.807243491397
0  3000  5000  2000  1140  6.11476249123  0.819989659617
0  3000  5000  3000  1734  5.9191471684  0.884937503817
0  3000  5000  4000  2370  5.87782123207  0.818936573693
0  3000  5000  5000  1914  6.03754079937  0.811504519592
0  3000  5000  6000  1333  6.16201042761  0.803542891682
0  3000  5000  7000  798  6.27264389724  0.746057661912
0  3000  5000  8000  404  6.31507170792  0.671841284577
0  3000  5000  9000  151  6.27731536424  0.509424897477
0  3000  5000  10000  53  6.39065207547  0.37823596982
0  3000  6000  0  259  6.84571644788  0.894596192423
0  3000  6000  1000  279  6.88256007168  0.901123825002
0  3000  6000  2000  340  6.95154079412  0.950956633902
0  3000  6000  3000  660  7.02388739394  1.07787093861
0  3000  6000  4000  1632  6.83276746324  1.01704142208
0  3000  6000  5000  2069  7.02197759304  0.88482090653
0  3000  6000  6000  1637  7.16144827123  0.82701453935
0  3000  6000  7000  1026  7.19478331384  0.741071536882
0  3000  6000  8000  663  7.25383699849  0.633207404078
0  3000  6000  9000  389  7.33257832905  0.525304446812
0  3000  6000  10000  199  7.40894090452  0.454216290893
0  3000  7000  0  48  7.42936875  0.943052165508
0  3000  7000  1000  49  7.42497795918  0.953711552733
0  3000  7000  2000  60  7.3894645  0.935978819318
0  3000  7000  3000  98  7.11468091837  0.891581410356
0  3000  7000  4000  339  7.20780920354  1.02589962418
0  3000  7000  5000  952  7.69989240546  0.943506138482
0  3000  7000  6000  1267  8.05652572218  0.867439168046
0  3000  7000  7000  1037  8.26984732883  0.819117950587
0  3000  7000  8000  747  8.31575400268  0.746658762149
0  3000  7000  9000  494  8.38489275304  0.686489037217
0  3000  7000  10000  295  8.46471294915  0.650671702061
0  3000  8000  0  14  7.75966071429  0.528901694018
0  3000  8000  1000  15  7.70825666667  0.544964237709
0  3000  8000  2000  16  7.730205  0.482787001599
0  3000  8000  3000  22  7.79547590909  0.441052418794
0  3000  8000  4000  64  7.6051575  0.583643848395
0  3000  8000  5000  257  8.06203342412  0.815232501148
0  3000  8000  6000  609  8.53974737274  0.775467476542
0  3000  8000  7000  684  8.88313276316  0.73150512999
0  3000  8000  8000  557  9.06179606822  0.706265421287
0  3000  8000  9000  419  9.16058711217  0.6736266843
0  3000  8000  10000  262  9.23763580153  0.642337623927
0  3000  9000  0  3  9.19374666667  0.150522475472
0  3000  9000  1000  3  9.19410333333  0.151391715391
0  3000  9000  2000  6  8.73991333333  0.567520415365
0  3000  9000  3000  6  8.739735  0.56763825672
0  3000  9000  4000  10  8.745123  0.650084576237
0  3000  9000  5000  44  8.33381613636  0.593154529307
0  3000  9000  6000  207  8.99283202899  0.728876868707
0  3000  9000  7000  333  9.09703990991  0.657010433844
0  3000  9000  8000  197  9.12747497462  0.691874748454
0  3000  9000  9000  115  9.2032066087  0.646124951928
0  3000  9000  10000  67  9.15078328358  0.711369815265
0  3000  10000  0  1  9.60715  0.0
0  3000  10000  1000  1  9.60411  0.0
0  3000  10000  2000  2  9.79197  0.19138
0  3000  10000  3000  2  9.788795  0.192295
0  3000  10000  4000  4  9.63218  0.258559737972
0  3000  10000  5000  8  9.64094375  0.416374199967
0  3000  10000  6000  43  9.12827418605  0.552440567774
0  3000  10000  7000  79  9.4518778481  0.575734599721
0  3000  10000  8000  83  9.43490951807  0.451941979072
0  3000  10000  9000  58  9.44496637931  0.476898553796
0  3000  10000  10000  37  9.42456702703  0.468164988952
0  4000  0  0  81  5.81530765432  1.59448756838
0  4000  0  1000  87  5.78824793103  1.61687782341
0  4000  0  2000  95  5.91221621053  1.64838340829
0  4000  0  3000  122  6.29364155738  1.47603169994
0  4000  0  4000  214  6.50899714953  1.26996723001
0  4000  0  5000  243  6.58766744856  1.13217385688
0  4000  0  6000  187  6.61871834225  1.10904813844
0  4000  0  7000  112  6.89626080357  1.44678934339
0  4000  0  8000  64  7.43074265625  1.57600302609
0  4000  0  9000  26  7.73578961538  1.27485771798
0  4000  0  10000  6  7.432165  0.834395898934
0  4000  1000  0  97  5.5660914433  1.79642234986
0  4000  1000  1000  101  5.50136237624  1.80202118611
0  4000  1000  2000  117  5.50305495726  1.81336569641
0  4000  1000  3000  148  5.76866364865  1.76980877591
0  4000  1000  4000  228  6.33893780702  1.40816540116
0  4000  1000  5000  248  6.50785709677  1.17120112146
0  4000  1000  6000  192  6.65344640625  1.08074498171
0  4000  1000  7000  118  7.02189694915  1.47536719921
0  4000  1000  8000  67  7.62021432836  1.60850909379
0  4000  1000  9000  21  8.00438238095  1.38349133726
0  4000  1000  10000  2  8.016135  1.239315
0  4000  2000  0  146  5.55841157534  1.63183604053
0  4000  2000  1000  155  5.42540735484  1.68576577782
0  4000  2000  2000  169  5.55121153846  1.70441219112
0  4000  2000  3000  199  6.05344869347  1.42142618759
0  4000  2000  4000  332  6.31409310241  1.14740946413
0  4000  2000  5000  401  6.37787877805  0.984306461395
0  4000  2000  6000  319  6.45565404389  0.945792260879
0  4000  2000  7000  189  6.77931708995  1.23081840487
0  4000  2000  8000  92  7.13498597826  1.39925074659
0  4000  2000  9000  27  7.43734666667  1.38998777285
0  4000  2000  10000  6  6.78822666667  1.28143757845
0  4000  3000  0  411  6.73021082725  2.31286887341
0  4000  3000  1000  420  6.69242288095  2.31553294037
0  4000  3000  2000  488  6.35015743852  2.36212958814
0  4000  3000  3000  652  6.01222907975  2.28667139514
0  4000  3000  4000  764  6.22950763089  2.12694090646
0  4000  3000  5000  691  6.93835694645  1.91478846023
0  4000  3000  6000  645  7.65161573643  1.58441328325
0  4000  3000  7000  529  8.20033852552  1.25815611329
0  4000  3000  8000  381  8.58328427822  0.981865351578
0  4000  3000  9000  286  8.75924979021  0.723246583782
0  4000  3000  10000  219  8.78475525114  0.660995747859
0  4000  4000  0  400  5.174841875  1.27471323178
0  4000  4000  1000  416  5.22246853365  1.32684773663
0  4000  4000  2000  492  5.13152026423  1.26623527071
0  4000  4000  3000  933  5.00109006431  1.12945973996
0  4000  4000  4000  1268  5.22378410095  1.13769683762
0  4000  4000  5000  1052  5.5191623289  1.20255313466
0  4000  4000  6000  670  5.8328528209  1.20939906834
0  4000  4000  7000  343  6.38601658892  1.4497997305
0  4000  4000  8000  116  7.07646198276  1.63419542289
0  4000  4000  9000  28  8.28134857143  1.6721804115
0  4000  4000  10000  5  9.828692  0.156010945693
0  4000  5000  0  1033  5.82224333979  1.0130974384
0  4000  5000  1000  1044  5.81754499042  1.01665489528
0  4000  5000  2000  1125  5.80528888889  1.03335380163
0  4000  5000  3000  1656  5.7716413285  1.00467431217
0  4000  5000  4000  2637  5.84125406143  0.918389473998
0  4000  5000  5000  2869  5.98898784245  0.907030371385
0  4000  5000  6000  2337  6.11382942234  0.899822489726
0  4000  5000  7000  1401  6.361474404  0.95803184447
0  4000  5000  8000  645  6.62793542636  1.02428020142
0  4000  5000  9000  246  6.81635581301  0.91491747398
0  4000  5000  10000  91  6.98766021978  0.722397382577
0  4000  6000  0  2195  7.10673444647  0.989569506013
0  4000  6000  1000  2248  7.09564971975  0.991755964557
0  4000  6000  2000  2398  7.08362298582  1.00565119139
0  4000  6000  3000  2821  7.02266978022  1.03589612613
0  4000  6000  4000  4155  6.89689515042  1.00713279419
0  4000  6000  5000  4947  6.9565309339  0.945986684544
0  4000  6000  6000  4179  7.06553625987  0.965406157819
0  4000  6000  7000  3035  7.19000562438  0.979548371392
0  4000  6000  8000  2046  7.28218757576  0.897977315062
0  4000  6000  9000  1300  7.41594068462  0.820544396908
0  4000  6000  10000  750  7.55690772  0.768398508156
0  4000  7000  0  1361  8.20985615724  0.974637499002
0  4000  7000  1000  1417  8.20384450953  0.975848016644
0  4000  7000  2000  1542  8.18675148508  0.983060201946
0  4000  7000  3000  1830  8.14043557377  1.00770318568
0  4000  7000  4000  2873  7.8956279638  1.0508974315
0  4000  7000  5000  4333  7.77727803831  0.973381392433
0  4000  7000  6000  4445  7.93303148031  0.94756316578
0  4000  7000  7000  3419  8.06982382276  0.950985378154
0  4000  7000  8000  2450  8.19334300816  0.903660480568
0  4000  7000  9000  1672  8.29739896531  0.861114127044
0  4000  7000  10000  1069  8.38607655753  0.837520741472
0  4000  8000  0  304  8.38402694079  1.02813023423
0  4000  8000  1000  327  8.39625654434  1.03184846047
0  4000  8000  2000  363  8.39435118457  1.02556433733
0  4000  8000  3000  449  8.36465982183  1.0376860205
0  4000  8000  4000  792  8.27161784091  1.06276646857
0  4000  8000  5000  1994  8.30614782849  0.947138567316
0  4000  8000  6000  2796  8.50823262876  0.838553559851
0  4000  8000  7000  2490  8.71456568273  0.805207937907
0  4000  8000  8000  1836  8.82774261438  0.768126826658
0  4000  8000  9000  1250  8.952559296  0.706165936565
0  4000  8000  10000  855  9.07243191813  0.661831070758
0  4000  9000  0  82  8.61699231707  0.502873398111
0  4000  9000  1000  84  8.60613595238  0.507458198877
0  4000  9000  2000  97  8.56649319588  0.516016802766
0  4000  9000  3000  134  8.53497537313  0.478405836037
0  4000  9000  4000  230  8.41031026087  0.467739999029
0  4000  9000  5000  525  8.44630872381  0.700638177666
0  4000  9000  6000  1061  8.79297492931  0.720021571955
0  4000  9000  7000  1097  9.03116091158  0.655491034433
0  4000  9000  8000  786  9.08694229008  0.63816189419
0  4000  9000  9000  535  9.16704042991  0.620279526304
0  4000  9000  10000  364  9.22468332418  0.603095318816
0  4000  10000  0  18  9.35355  0.510854985827
0  4000  10000  1000  19  9.36034  0.505790781658
0  4000  10000  2000  22  9.254795  0.482711848177
0  4000  10000  3000  23  9.28651521739  0.49610860529
0  4000  10000  4000  34  9.33323676471  0.488118086368
0  4000  10000  5000  123  9.14523585366  0.483391262717
0  4000  10000  6000  299  9.21398645485  0.569915860795
0  4000  10000  7000  393  9.34073862595  0.503705019145
0  4000  10000  8000  263  9.37102296578  0.47604914482
0  4000  10000  9000  175  9.40614428571  0.460431356805
0  4000  10000  10000  111  9.38330054054  0.475594948561
0  5000  0  0  123  6.84381666667  1.84177520461
0  5000  0  1000  125  6.85799568  1.8158872987
0  5000  0  2000  131  7.01095038168  1.61858867197
0  5000  0  3000  154  7.00348688312  1.49941724115
0  5000  0  4000  245  7.12446081633  1.43027520105
0  5000  0  5000  335  7.39566674627  1.33569133492
0  5000  0  6000  378  7.73400626984  1.28872402307
0  5000  0  7000  361  7.86141808864  1.20917849416
0  5000  0  8000  227  7.70691052863  1.14433582088
0  5000  0  9000  129  7.84724829457  1.13424801325
0  5000  0  10000  56  8.10149910714  1.19559435197
0  5000  1000  0  125  6.86913512  1.7864740352
0  5000  1000  1000  130  6.83499330769  1.78088361272
0  5000  1000  2000  138  6.92865637681  1.70681045917
0  5000  1000  3000  155  7.03880451613  1.48842620889
0  5000  1000  4000  248  7.09259709677  1.42435287066
0  5000  1000  5000  334  7.44023449102  1.34022331023
0  5000  1000  6000  385  7.72393096104  1.27992322925
0  5000  1000  7000  358  7.87612315642  1.20511873867
0  5000  1000  8000  232  7.76797581897  1.15349273424
0  5000  1000  9000  132  7.92267954545  1.15665855759
0  5000  1000  10000  55  8.13544509091  1.19645889779
0  5000  2000  0  177  6.51925847458  1.87438138379
0  5000  2000  1000  186  6.37145569892  1.98806914806
0  5000  2000  2000  192  6.55518640625  1.82191977975
0  5000  2000  3000  221  6.80339348416  1.41245070139
0  5000  2000  4000  387  6.69741400517  1.33173212962
0  5000  2000  5000  500  6.99952472  1.31617368641
0  5000  2000  6000  496  7.37131181452  1.34603549851
0  5000  2000  7000  423  7.64046907801  1.28947016932
0  5000  2000  8000  277  7.62010144404  1.16384238294
0  5000  2000  9000  145  7.83360724138  1.18258268608
0  5000  2000  10000  65  8.01931  1.21214270301
0  5000  3000  0  368  7.00462394022  2.22154249029
0  5000  3000  1000  373  6.94070235925  2.25775094441
0  5000  3000  2000  408  6.80345980392  2.26560053623
0  5000  3000  3000  475  6.62563229474  2.20001554709
0  5000  3000  4000  588  6.84676846939  2.052311835
0  5000  3000  5000  693  7.29357645022  1.84184856395
0  5000  3000  6000  777  7.77299047619  1.61492328343
0  5000  3000  7000  770  8.17183793506  1.30283821716
0  5000  3000  8000  600  8.36677651667  1.06284996485
0  5000  3000  9000  438  8.62682452055  0.998553451991
0  5000  3000  10000  289  8.89020439446  0.786954215654
0  5000  4000  0  506  5.62211648221  1.38277736785
0  5000  4000  1000  525  5.64347333333  1.39611940418
0  5000  4000  2000  591  5.6094658714  1.39866449577
0  5000  4000  3000  784  5.49876391582  1.28772732925
0  5000  4000  4000  1137  5.64317862797  1.28809613064
0  5000  4000  5000  1206  6.00778405473  1.42941172586
0  5000  4000  6000  993  6.47859605237  1.58251135831
0  5000  4000  7000  704  7.01582434659  1.59549987255
0  5000  4000  8000  415  7.29903503614  1.35728464949
0  5000  4000  9000  217  7.59197442396  1.27579329878
0  5000  4000  10000  81  7.97538061728  1.26603554517
0  5000  5000  0  862  6.03147182135  1.10393832707
0  5000  5000  1000  873  6.04423430699  1.10674557
0  5000  5000  2000  947  6.0316875396  1.08396776825
0  5000  5000  3000  1299  5.97850483449  1.02525603517
0  5000  5000  4000  2203  6.03326563777  0.972110983242
0  5000  5000  5000  2601  6.24918102268  1.04322370316
0  5000  5000  6000  2178  6.50212486685  1.16869991081
0  5000  5000  7000  1597  6.73207835316  1.24131782859
0  5000  5000  8000  924  6.92359601732  1.15860797179
0  5000  5000  9000  450  7.2223806  1.1584303959
0  5000  5000  10000  135  7.57327437037  1.14698523571
0  5000  6000  0  1581  6.70114788741  1.00685283149
0  5000  6000  1000  1598  6.70535451189  1.00996247269
0  5000  6000  2000  1664  6.70229569111  1.00007476109
0  5000  6000  3000  1990  6.68133974372  1.01107124708
0  5000  6000  4000  3205  6.719862883  0.973186112247
0  5000  6000  5000  4682  6.86389245835  0.941246360619
0  5000  6000  6000  4842  7.01154346344  0.972934152377
0  5000  6000  7000  3967  7.20000711621  0.999588881318
0  5000  6000  8000  2615  7.36768521224  0.977287780627
0  5000  6000  9000  1357  7.5272410759  0.966902909759
0  5000  6000  10000  553  7.68843641953  0.946710064535
0  5000  7000  0  3034  7.87381043177  0.993265687522
0  5000  7000  1000  3065  7.85791723654  0.99390510251
0  5000  7000  2000  3161  7.84283374249  0.992117085463
0  5000  7000  3000  3455  7.81865103618  0.995450215111
0  5000  7000  4000  4476  7.75013685433  0.991196225737
0  5000  7000  5000  6396  7.7724417167  0.946575038575
0  5000  7000  6000  7264  7.8889057957  0.933864731454
0  5000  7000  7000  6318  7.97972849953  0.965806220258
0  5000  7000  8000  4752  8.02837164562  0.963691418543
0  5000  7000  9000  3345  8.11470632885  0.939819852743
0  5000  7000  10000  2299  8.23329581557  0.913263863806
0  5000  8000  0  2018  8.66472944004  0.873519903259
0  5000  8000  1000  2076  8.65421795279  0.874284371508
0  5000  8000  2000  2185  8.6309649016  0.879745762616
0  5000  8000  3000  2371  8.59854401097  0.877986238251
0  5000  8000  4000  2986  8.47703468185  0.901901961555
0  5000  8000  5000  4778  8.41596537045  0.862005241867
0  5000  8000  6000  6237  8.48094688953  0.815393884556
0  5000  8000  7000  5760  8.57105133333  0.825136106701
0  5000  8000  8000  4417  8.59819871632  0.827158270449
0  5000  8000  9000  3298  8.66704267738  0.816480939492
0  5000  8000  10000  2328  8.79407691151  0.782277074389
0  5000  9000  0  525  8.72114097143  0.772767144084
0  5000  9000  1000  535  8.72550499065  0.774989992546
0  5000  9000  2000  581  8.72287707401  0.774475186478
0  5000  9000  3000  662  8.73280969789  0.772803626462
0  5000  9000  4000  884  8.72683690045  0.74908711321
0  5000  9000  5000  1781  8.70075781583  0.726625954637
0  5000  9000  6000  3281  8.86803742761  0.695693431987
0  5000  9000  7000  3443  8.97280695905  0.673213320731
0  5000  9000  8000  2668  8.99891314468  0.662960094513
0  5000  9000  9000  1873  9.05197446877  0.652391640628
0  5000  9000  10000  1231  9.13347305443  0.617914824108
0  5000  10000  0  212  9.17921933962  0.442497458694
0  5000  10000  1000  216  9.16799217593  0.444265959292
0  5000  10000  2000  230  9.16337126087  0.444266863619
0  5000  10000  3000  260  9.17334292308  0.445113434802
0  5000  10000  4000  351  9.14929917379  0.437622127772
0  5000  10000  5000  639  9.09280312989  0.427402327473
0  5000  10000  6000  1264  9.18228867089  0.494130690066
0  5000  10000  7000  1401  9.25854310493  0.468849562574
0  5000  10000  8000  986  9.30182469574  0.458770334383
0  5000  10000  9000  630  9.35815415873  0.460463337942
0  5000  10000  10000  428  9.38142193925  0.455207919695
0  6000  0  0  155  7.3674956129  1.34362637041
0  6000  0  1000  160  7.294544625  1.40756747697
0  6000  0  2000  165  7.32255836364  1.36007815541
0  6000  0  3000  180  7.34063355556  1.27490527333
0  6000  0  4000  227  7.36184929515  1.18665686502
0  6000  0  5000  320  7.6624379375  1.16336041107
0  6000  0  6000  378  7.98873510582  1.09294810838
0  6000  0  7000  369  8.22171615176  1.03981989004
0  6000  0  8000  339  8.29468728614  1.01374156039
0  6000  0  9000  272  8.40741992647  0.945386257576
0  6000  0  10000  201  8.48302368159  0.910912508769
0  6000  1000  0  158  7.18223  1.60888248249
0  6000  1000  1000  157  7.26852025478  1.50781977765
0  6000  1000  2000  165  7.31996787879  1.36903803185
0  6000  1000  3000  179  7.37395407821  1.24743884487
0  6000  1000  4000  224  7.41497745536  1.15831651202
0  6000  1000  5000  320  7.69691334375  1.11382914467
0  6000  1000  6000  376  8.00729305851  1.08932097524
0  6000  1000  7000  379  8.23045525066  1.04012872188
0  6000  1000  8000  335  8.33730626866  0.999834906982
0  6000  1000  9000  269  8.44430200743  0.932151393175
0  6000  1000  10000  203  8.50019950739  0.909635777937
0  6000  2000  0  216  6.81936888889  1.60083038919
0  6000  2000  1000  219  6.77824086758  1.63860710659
0  6000  2000  2000  226  6.92156553097  1.47470253915
0  6000  2000  3000  255  7.00712717647  1.26547569896
0  6000  2000  4000  354  6.90451570621  1.2013619365
0  6000  2000  5000  542  7.039330369  1.22861408458
0  6000  2000  6000  593  7.33148576728  1.304655513
0  6000  2000  7000  511  7.72791604697  1.30842788782
0  6000  2000  8000  380  8.09665521053  1.17045628745
0  6000  2000  9000  285  8.29971210526  1.05317704027
0  6000  2000  10000  209  8.44918755981  0.968691416852
0  6000  3000  0  296  7.05531516892  1.86835421944
0  6000  3000  1000  300  7.0482303  1.88800845419
0  6000  3000  2000  331  6.96197287009  1.87261657923
0  6000  3000  3000  365  6.92963246575  1.80474808195
0  6000  3000  4000  413  7.21015711864  1.62063836242
0  6000  3000  5000  523  7.63924428298  1.43681226712
0  6000  3000  6000  620  8.03687230645  1.28367630618
0  6000  3000  7000  639  8.400522723  1.09030068005
0  6000  3000  8000  609  8.5588492775  0.959367295404
0  6000  3000  9000  501  8.69425966068  0.864669742411
0  6000  3000  10000  367  8.7880419891  0.841933207746
0  6000  4000  0  455  6.20340648352  1.44598963279
0  6000  4000  1000  464  6.19643  1.44771383655
0  6000  4000  2000  501  6.12123962076  1.45651593494
0  6000  4000  3000  604  6.04091647351  1.37508495087
0  6000  4000  4000  798  6.0770135213  1.32013116217
0  6000  4000  5000  896  6.46870035714  1.45987709659
0  6000  4000  6000  880  6.85699436364  1.51503619186
0  6000  4000  7000  753  7.2616261753  1.52636806142
0  6000  4000  8000  551  7.68414281307  1.40274573542
0  6000  4000  9000  378  8.10665  1.19689329417
0  6000  4000  10000  269  8.44325513011  0.942097181745
0  6000  5000  0  938  6.33015593817  0.976618957391
0  6000  5000  1000  963  6.33639906542  0.971696726853
0  6000  5000  2000  1033  6.32364896418  0.986554537499
0  6000  5000  3000  1221  6.26984843571  0.974292312231
0  6000  5000  4000  1768  6.2942802319  0.893109941317
0  6000  5000  5000  2303  6.52165400782  0.979222002623
0  6000  5000  6000  2232  6.71778102151  1.06739818439
0  6000  5000  7000  1768  6.9108874095  1.16851344206
0  6000  5000  8000  1200  7.18401045833  1.21532813331
0  6000  5000  9000  743  7.54681195155  1.24603294101
0  6000  5000  10000  462  7.95940980519  1.16733526406
0  6000  6000  0  1267  6.95792468824  0.882357707936
0  6000  6000  1000  1295  6.95980878764  0.879943289964
0  6000  6000  2000  1355  6.9631955941  0.875232681311
0  6000  6000  3000  1607  6.91406042315  0.863036311638
0  6000  6000  4000  2496  6.92889210337  0.832084587105
0  6000  6000  5000  3837  7.02874968465  0.842831615292
0  6000  6000  6000  4036  7.20090670714  0.886449159339
0  6000  6000  7000  3421  7.32899852382  0.931740870654
0  6000  6000  8000  2549  7.4920716634  0.960308342807
0  6000  6000  9000  1684  7.7060241924  0.976899048077
0  6000  6000  10000  1016  7.91788061024  0.966868620319
0  6000  7000  0  2132  7.61688817073  0.918620232212
0  6000  7000  1000  2146  7.61724510252  0.916976873716
0  6000  7000  2000  2209  7.6172178316  0.910288344635
0  6000  7000  3000  2387  7.61201370758  0.907082362554
0  6000  7000  4000  3244  7.59893537608  0.893198881882
0  6000  7000  5000  4999  7.66737497099  0.874985175639
0  6000  7000  6000  6484  7.8163199707  0.864553991893
0  6000  7000  7000  6536  7.95232200275  0.877702044795
0  6000  7000  8000  5384  8.05823834695  0.894975958486
0  6000  7000  9000  3785  8.19999339234  0.916146701307
0  6000  7000  10000  2272  8.29716528169  0.931059268082
0  6000  8000  0  3214  8.3855731954  0.791907613016
0  6000  8000  1000  3251  8.3791618948  0.789442111059
0  6000  8000  2000  3325  8.37137329624  0.785429989673
0  6000  8000  3000  3489  8.36780283176  0.782895494321
0  6000  8000  4000  4021  8.3397662472  0.789739406455
0  6000  8000  5000  5683  8.3646389583  0.781043052053
0  6000  8000  6000  7383  8.48328171204  0.770611825527
0  6000  8000  7000  7721  8.58094086776  0.78349518497
0  6000  8000  8000  6635  8.59979525697  0.781214426104
0  6000  8000  9000  5283  8.6110043233  0.778910983974
0  6000  8000  10000  3927  8.66091396995  0.767333510224
0  6000  9000  0  1976  8.95652047571  0.687178648953
0  6000  9000  1000  2025  8.95131041481  0.687144642749
0  6000  9000  2000  2124  8.94547322034  0.685005567193
0  6000  9000  3000  2276  8.93773550967  0.684680340403
0  6000  9000  4000  2599  8.91969479415  0.68344744431
0  6000  9000  5000  3598  8.87077066148  0.67006962733
0  6000  9000  6000  5107  8.95159494811  0.651168103902
0  6000  9000  7000  5617  9.01609706071  0.643576005865
0  6000  9000  8000  4868  9.01097801767  0.641576733256
0  6000  9000  9000  3959  9.0057621849  0.646451500997
0  6000  9000  10000  3029  9.02848941895  0.644890779271
0  6000  10000  0  518  9.09172434363  0.463135124958
0  6000  10000  1000  537  9.09887081937  0.462749590097
0  6000  10000  2000  572  9.11359405594  0.464330501156
0  6000  10000  3000  638  9.12492739812  0.46790540644
0  6000  10000  4000  761  9.14275218134  0.472660607053
0  6000  10000  5000  1185  9.19473023629  0.479305807868
0  6000  10000  6000  2029  9.26786061114  0.462970571097
0  6000  10000  7000  2549  9.32717886622  0.447324833946
0  6000  10000  8000  2342  9.32530903501  0.442417239517
0  6000  10000  9000  1914  9.3190184535  0.44609919182
0  6000  10000  10000  1385  9.31958378339  0.449396198777
0  7000  0  0  174  7.88852672414  1.30870024198
0  7000  0  1000  172  7.94432872093  1.27554428762
0  7000  0  2000  178  7.95759960674  1.25860386327
0  7000  0  3000  197  7.89249781726  1.32906776763
0  7000  0  4000  239  7.99203849372  1.08884630171
0  7000  0  5000  287  8.10332707317  1.01400678947
0  7000  0  6000  325  8.39207307692  0.939413211519
0  7000  0  7000  341  8.55982428152  0.842134551354
0  7000  0  8000  314  8.63116006369  0.870463533386
0  7000  0  9000  263  8.80882315589  0.758853947642
0  7000  0  10000  219  8.9293626484  0.695053167426
0  7000  1000  0  174  7.5978087931  1.76107174107
0  7000  1000  1000  178  7.69760106742  1.64431822626
0  7000  1000  2000  181  7.88075668508  1.33443933922
0  7000  1000  3000  194  7.89372819588  1.24942796626
0  7000  1000  4000  237  7.99110966245  1.07687080917
0  7000  1000  5000  283  8.13754911661  0.98331025353
0  7000  1000  6000  328  8.36960881098  0.942893585363
0  7000  1000  7000  346  8.58014806358  0.840862898056
0  7000  1000  8000  314  8.70596468153  0.790431459274
0  7000  1000  9000  265  8.81583743396  0.767252817109
0  7000  1000  10000  215  8.96281386047  0.684644127572
0  7000  2000  0  256  7.20096191406  1.55543253539
0  7000  2000  1000  267  7.15321280899  1.62563522267
0  7000  2000  2000  273  7.24688223443  1.49272811688
0  7000  2000  3000  296  7.34645283784  1.34463060289
0  7000  2000  4000  373  7.2808019571  1.33984200227
0  7000  2000  5000  447  7.43252785235  1.2859713761
0  7000  2000  6000  522  7.58836758621  1.32782202247
0  7000  2000  7000  518  7.83755853282  1.31388374031
0  7000  2000  8000  449  8.02647739421  1.2753290968
0  7000  2000  9000  326  8.42307595092  1.14558094183
0  7000  2000  10000  239  8.77637711297  0.970819515289
0  7000  3000  0  277  7.63169714801  1.73796043148
0  7000  3000  1000  284  7.60946190141  1.76663948337
0  7000  3000  2000  306  7.4915653268  1.80613986966
0  7000  3000  3000  324  7.53515462963  1.72235087921
0  7000  3000  4000  351  7.97907874644  1.2223799757
0  7000  3000  5000  483  8.22681621118  0.927004619183
0  7000  3000  6000  601  8.43857913478  0.91519708624
0  7000  3000  7000  585  8.67587661538  0.856710370008
0  7000  3000  8000  543  8.78317178637  0.775552758859
0  7000  3000  9000  427  8.89940053864  0.688288347507
0  7000  3000  10000  316  9.00103231013  0.644718719215
0  7000  4000  0  368  6.86512421196  1.58482601675
0  7000  4000  1000  378  6.87490481481  1.6009780718
0  7000  4000  2000  412  6.77742718447  1.61673008739
0  7000  4000  3000  487  6.69962227926  1.5485048853
0  7000  4000  4000  584  6.79389063356  1.49761131088
0  7000  4000  5000  644  7.1153189441  1.49075386802
0  7000  4000  6000  647  7.45973370943  1.49823884714
0  7000  4000  7000  593  7.73431335582  1.45479936007
0  7000  4000  8000  517  7.97909268859  1.39966786514
0  7000  4000  9000  413  8.21696046005  1.32178757792
0  7000  4000  10000  286  8.66020038462  1.061510396
0  7000  5000  0  830  6.73125893976  1.02556043551
0  7000  5000  1000  832  6.74871456731  1.03873693174
0  7000  5000  2000  885  6.71173070056  1.05393741058
0  7000  5000  3000  1017  6.68157961652  1.04720191393
0  7000  5000  4000  1311  6.72852576659  0.972577084454
0  7000  5000  5000  1659  6.83773195298  1.01187799824
0  7000  5000  6000  1729  7.03376023135  1.06470769054
0  7000  5000  7000  1564  7.22388273018  1.1107973371
0  7000  5000  8000  1199  7.42001024187  1.15516374424
0  7000  5000  9000  799  7.70952689612  1.20645216121
0  7000  5000  10000  524  8.07544280534  1.23008640036
0  7000  6000  0  1447  7.22457160332  0.76338955944
0  7000  6000  1000  1465  7.23072748123  0.761735518807
0  7000  6000  2000  1521  7.232585286  0.770989534109
0  7000  6000  3000  1707  7.20368936145  0.798895203372
0  7000  6000  4000  2280  7.21229085526  0.786088369921
0  7000  6000  5000  3180  7.28992237736  0.774246652348
0  7000  6000  6000  3638  7.44335102254  0.817205322176
0  7000  6000  7000  3356  7.56876092074  0.83958256276
0  7000  6000  8000  2695  7.66010838961  0.857329005322
0  7000  6000  9000  1992  7.79382908133  0.888306737127
0  7000  6000  10000  1227  7.9853893643  0.93498423167
0  7000  7000  0  1799  7.83198770984  0.749783939143
0  7000  7000  1000  1827  7.84136156541  0.749326041642
0  7000  7000  2000  1895  7.8448531029  0.742816207329
0  7000  7000  3000  2074  7.83029233365  0.751162706671
0  7000  7000  4000  2677  7.82807726186  0.780237400589
0  7000  7000  5000  4040  7.9019937995  0.779016797579
0  7000  7000  6000  5423  8.00907867048  0.788218683743
0  7000  7000  7000  5342  8.11540475103  0.79047706259
0  7000  7000  8000  4484  8.17862126227  0.795572210321
0  7000  7000  9000  3462  8.27586637782  0.806708314466
0  7000  7000  10000  2433  8.39311535964  0.827997509228
0  7000  8000  0  2376  8.38374833754  0.690422921215
0  7000  8000  1000  2379  8.3920285414  0.688410643525
0  7000  8000  2000  2448  8.39832790441  0.690532041656
0  7000  8000  3000  2603  8.39764374568  0.697296664095
0  7000  8000  4000  3057  8.37677214262  0.716458415652
0  7000  8000  5000  4444  8.43254784878  0.757336832772
0  7000  8000  6000  6220  8.52955541158  0.755170539231
0  7000  8000  7000  7112  8.61613152981  0.728048623444
0  7000  8000  8000  6621  8.68114056185  0.704493276669
0  7000  8000  9000  5311  8.72524289399  0.68952062072
0  7000  8000  10000  3711  8.7616879682  0.66381337004
0  7000  9000  0  2841  8.97595415699  0.608087151935
0  7000  9000  1000  2859  8.97640023435  0.605135355199
0  7000  9000  2000  2919  8.97414305242  0.606362473245
0  7000  9000  3000  3023  8.97365706583  0.607863760964
0  7000  9000  4000  3289  8.96231352995  0.612336162957
0  7000  9000  5000  4144  8.96072371863  0.62154158709
0  7000  9000  6000  5511  9.01118486663  0.622203752119
0  7000  9000  7000  6127  9.07699936674  0.620222170726
0  7000  9000  8000  5747  9.08946844615  0.615081595403
0  7000  9000  9000  5000  9.10244598  0.60382394824
0  7000  9000  10000  4081  9.12340822347  0.585800297937
0  7000  10000  0  1330  9.31704890226  0.455566286389
0  7000  10000  1000  1370  9.32107461314  0.452918523995
0  7000  10000  2000  1423  9.32147882642  0.453395441996
0  7000  10000  3000  1504  9.32515912899  0.451606600117
0  7000  10000  4000  1617  9.32820946815  0.450048519397
0  7000  10000  5000  2021  9.32047198911  0.474088567344
0  7000  10000  6000  2740  9.35302168978  0.444505387649
0  7000  10000  7000  3049  9.37026883896  0.436802466757
0  7000  10000  8000  2918  9.35879805346  0.437565469822
0  7000  10000  9000  2646  9.35278050642  0.4383960278
0  7000  10000  10000  2255  9.35780858093  0.43773689299
0  8000  0  0  160  8.2810943125  1.57523313919
0  8000  0  1000  168  8.26165071429  1.60956891635
0  8000  0  2000  173  8.29218283237  1.48914020529
0  8000  0  3000  183  8.32772639344  1.40603723028
0  8000  0  4000  206  8.47260300971  1.15185930075
0  8000  0  5000  252  8.5513784127  1.0656174798
0  8000  0  6000  280  8.74122371429  0.826522659348
0  8000  0  7000  266  8.85074139098  0.748921943657
0  8000  0  8000  232  8.93663241379  0.781013089679
0  8000  0  9000  202  9.06663732673  0.650861158932
0  8000  0  10000  163  9.19731693252  0.537945754531
0  8000  1000  0  174  8.02282166667  1.92357421695
0  8000  1000  1000  175  8.09113297143  1.83883199658
0  8000  1000  2000  184  8.09427043478  1.77723001384
0  8000  1000  3000  188  8.3385406383  1.35580366009
0  8000  1000  4000  207  8.46317405797  1.15693439931
0  8000  1000  5000  250  8.59121956  0.992596903907
0  8000  1000  6000  279  8.75580086022  0.816269638507
0  8000  1000  7000  260  8.87704088462  0.740574526511
0  8000  1000  8000  235  9.02063604255  0.646734497904
0  8000  1000  9000  200  9.0858715  0.641090437388
0  8000  1000  10000  158  9.22949974684  0.52385492907
0  8000  2000  0  270  7.41907122222  1.76026551185
0  8000  2000  1000  277  7.41321707581  1.77150542369
0  8000  2000  2000  287  7.47552557491  1.66824352178
0  8000  2000  3000  304  7.57126674342  1.51521325097
0  8000  2000  4000  347  7.63895731988  1.40984333422
0  8000  2000  5000  411  7.70199138686  1.40959371514
0  8000  2000  6000  430  7.9238254186  1.3831206739
0  8000  2000  7000  392  8.06376938776  1.35689588755
0  8000  2000  8000  331  8.24953220544  1.2987685253
0  8000  2000  9000  281  8.41096327402  1.27296900243
0  8000  2000  10000  210  8.62695171429  1.19423801644
0  8000  3000  0  270  7.93235903704  1.80154189108
0  8000  3000  1000  276  7.94679554348  1.79720522525
0  8000  3000  2000  301  7.78353312292  1.90590126493
0  8000  3000  3000  306  7.90548169935  1.78886750749
0  8000  3000  4000  321  8.36993713396  1.25281316007
0  8000  3000  5000  429  8.5514939627  0.975429286151
0  8000  3000  6000  622  8.70569138264  0.774656726728
0  8000  3000  7000  652  8.82516797546  0.738027757204
0  8000  3000  8000  528  8.89268293561  0.659262136851
0  8000  3000  9000  418  8.99755210526  0.632963425094
0  8000  3000  10000  289  9.13007896194  0.54551575079
0  8000  4000  0  306  7.61147163399  1.80397018857
0  8000  4000  1000  313  7.57184753994  1.81740406825
0  8000  4000  2000  342  7.49464690058  1.84040741276
0  8000  4000  3000  396  7.3363520202  1.78775162833
0  8000  4000  4000  419  7.53539331742  1.64757519595
0  8000  4000  5000  465  7.8914624086  1.50552480182
0  8000  4000  6000  452  8.29840026549  1.3486459593
0  8000  4000  7000  395  8.58581237975  1.21700965763
0  8000  4000  8000  328  8.70378582317  1.14306421321
0  8000  4000  9000  273  8.82394435897  1.06792173857
0  8000  4000  10000  216  8.97276935185  0.922369465285
0  8000  5000  0  679  7.20959170839  1.23935933924
0  8000  5000  1000  696  7.22464808908  1.25059762425
0  8000  5000  2000  735  7.19873930612  1.27153641562
0  8000  5000  3000  831  7.13898002407  1.24156134807
0  8000  5000  4000  973  7.20752213772  1.13443477088
0  8000  5000  5000  1170  7.25718568376  1.14720135806
0  8000  5000  6000  1186  7.42317562395  1.16314777575
0  8000  5000  7000  1060  7.5861945283  1.16713986253
0  8000  5000  8000  863  7.71780475087  1.14684345915
0  8000  5000  9000  663  7.93750968326  1.13518658064
0  8000  5000  10000  505  8.08476421782  1.12737110282
0  8000  6000  0  1357  7.65564070007  0.854421901332
0  8000  6000  1000  1371  7.66493203501  0.85936653147
0  8000  6000  2000  1414  7.65578927864  0.867192816223
0  8000  6000  3000  1559  7.61364072482  0.889466306426
0  8000  6000  4000  1879  7.60191916977  0.858985108328
0  8000  6000  5000  2335  7.6438262227  0.81902657977
0  8000  6000  6000  2642  7.71766426949  0.82708476671
0  8000  6000  7000  2645  7.8163258828  0.821599474807
0  8000  6000  8000  2307  7.91395195492  0.816366311478
0  8000  6000  9000  1773  8.0388935815  0.829593379653
0  8000  6000  10000  1216  8.16408810033  0.852472885504
0  8000  7000  0  1862  8.17374291085  0.701836591785
0  8000  7000  1000  1879  8.18962239489  0.705745050251
0  8000  7000  2000  1926  8.19928392523  0.712062098786
0  8000  7000  3000  2077  8.17283337025  0.733337650644
0  8000  7000  4000  2545  8.15267204715  0.761766923637
0  8000  7000  5000  3372  8.19822038553  0.753073115441
0  8000  7000  6000  4412  8.27593066863  0.74592965767
0  8000  7000  7000  4598  8.38083367986  0.743567899415
0  8000  7000  8000  4158  8.44544625782  0.726088984787
0  8000  7000  9000  3322  8.50003017459  0.713937351777
0  8000  7000  10000  2495  8.5728312505  0.713509901639
0  8000  8000  0  2032  8.69825847441  0.600380788294
0  8000  8000  1000  2041  8.70600288584  0.602245090037
0  8000  8000  2000  2080  8.71321648077  0.603124766824
0  8000  8000  3000  2222  8.70832036454  0.623497633914
0  8000  8000  4000  2598  8.68569457275  0.662367281287
0  8000  8000  5000  3496  8.71520475114  0.700822490119
0  8000  8000  6000  4929  8.77351044634  0.691883327165
0  8000  8000  7000  5768  8.83156801144  0.658210909462
0  8000  8000  8000  5286  8.88499054673  0.612416407884
0  8000  8000  9000  4408  8.93174831443  0.589511245996
0  8000  8000  10000  3380  8.9549637071  0.566619432291
0  8000  9000  0  2070  9.14339816908  0.55443419081
0  8000  9000  1000  2070  9.14933569565  0.5526328622
0  8000  9000  2000  2108  9.15004905123  0.552866284123
0  8000  9000  3000  2189  9.15006079032  0.555585144955
0  8000  9000  4000  2412  9.12472810531  0.57289198828
0  8000  9000  5000  3023  9.0958233179  0.602492139526
0  8000  9000  6000  4105  9.08288430694  0.610998923237
0  8000  9000  7000  4919  9.12498758691  0.597817052667
0  8000  9000  8000  5063  9.1812838416  0.570939273379
0  8000  9000  9000  4492  9.2391213602  0.539614962431
0  8000  9000  10000  3563  9.28508593882  0.500901300602
0  8000  10000  0  1565  9.4026361853  0.416020324008
0  8000  10000  1000  1563  9.40128417786  0.415664271316
0  8000  10000  2000  1574  9.40151698221  0.41521770897
0  8000  10000  3000  1619  9.40107580605  0.41515804189
0  8000  10000  4000  1705  9.39549558358  0.418946005233
0  8000  10000  5000  2019  9.38275134225  0.4294431205
0  8000  10000  6000  2523  9.39225962346  0.420844530707
0  8000  10000  7000  2802  9.37930116702  0.430863915586
0  8000  10000  8000  2724  9.38216151615  0.430796303015
0  8000  10000  9000  2503  9.3988152537  0.420894000332
0  8000  10000  10000  2215  9.41895968397  0.414813974555
0  9000  0  0  128  8.18110507813  1.83848448161
0  9000  0  1000  132  8.15719916667  1.83534722879
0  9000  0  2000  137  8.13970839416  1.72177755716
0  9000  0  3000  144  8.24996402778  1.5123765311
0  9000  0  4000  145  8.45359531034  1.29255063896
0  9000  0  5000  170  8.634288  1.15987246185
0  9000  0  6000  183  8.85321076503  0.914242498426
0  9000  0  7000  167  9.11042850299  0.686981571742
0  9000  0  8000  150  9.14257713333  0.803914117166
0  9000  0  9000  123  9.34720300813  0.434600758265
0  9000  0  10000  89  9.45822932584  0.338328819266
0  9000  1000  0  130  7.95139884615  2.13025370049
0  9000  1000  1000  134  7.96541089552  2.02639916396
0  9000  1000  2000  134  8.06625529851  1.84914045708
0  9000  1000  3000  141  8.21594602837  1.5291152917
0  9000  1000  4000  141  8.44122205674  1.2804096259
0  9000  1000  5000  167  8.65118419162  1.13208982788
0  9000  1000  6000  173  8.92211179191  0.889459862578
0  9000  1000  7000  159  9.13072119497  0.644568964555
0  9000  1000  8000  149  9.29659422819  0.514211481829
0  9000  1000  9000  119  9.37775042017  0.401256613806
0  9000  1000  10000  88  9.48879943182  0.325175726172
0  9000  2000  0  203  7.3729362069  1.8990568868
0  9000  2000  1000  205  7.37524053659  1.86763317115
0  9000  2000  2000  210  7.41397680952  1.74540485292
0  9000  2000  3000  216  7.55269611111  1.54134493557
0  9000  2000  4000  220  7.74736727273  1.43946395175
0  9000  2000  5000  261  7.87719429119  1.40916235253
0  9000  2000  6000  268  8.11525626866  1.39721183423
0  9000  2000  7000  237  8.33412371308  1.34309262941
0  9000  2000  8000  186  8.69465827957  1.22627280458
0  9000  2000  9000  138  8.95747384058  1.07204290666
0  9000  2000  10000  94  9.19268968085  0.869660625595
0  9000  3000  0  235  7.99130855319  1.81432933562
0  9000  3000  1000  241  7.95876954357  1.84474705727
0  9000  3000  2000  262  7.7905110687  1.94565248226
0  9000  3000  3000  262  8.06550282443  1.64591254378
0  9000  3000  4000  279  8.39362433692  1.22343019941
0  9000  3000  5000  335  8.63250008955  0.959241818393
0  9000  3000  6000  421  8.73402693587  0.86234310736
0  9000  3000  7000  530  8.89768639623  0.700337776399
0  9000  3000  8000  559  8.98702288014  0.617795767277
0  9000  3000  9000  482  9.01473682573  0.594056363961
0  9000  3000  10000  322  8.99328754658  0.598053992451
0  9000  4000  0  213  7.60399807512  1.86888799121
0  9000  4000  1000  218  7.48308788991  1.90665026116
0  9000  4000  2000  245  7.29853832653  1.87163645105
0  9000  4000  3000  270  7.29556277778  1.7843080503
0  9000  4000  4000  281  7.68176875445  1.63054523477
0  9000  4000  5000  256  8.33637359375  1.32467889578
0  9000  4000  6000  232  8.80680866379  1.03452432094
0  9000  4000  7000  214  9.06947672897  0.840015674338
0  9000  4000  8000  193  9.07053119171  1.03609567641
0  9000  4000  9000  161  9.08210801242  1.04026308701
0  9000  4000  10000  112  9.39467142857  0.595490837272
0  9000  5000  0  531  7.34450052731  1.23683152433
0  9000  5000  1000  535  7.32744297196  1.23741273404
0  9000  5000  2000  556  7.28671622302  1.24467760743
0  9000  5000  3000  632  7.26045406646  1.19245164494
0  9000  5000  4000  711  7.34633610408  1.08681409132
0  9000  5000  5000  775  7.4937739871  1.0924488004
0  9000  5000  6000  736  7.64414043478  1.1019464376
0  9000  5000  7000  613  7.8230685155  1.1149382733
0  9000  5000  8000  498  7.96293361446  1.13545947259
0  9000  5000  9000  401  8.11131418953  1.1367566845
0  9000  5000  10000  312  8.21384108974  1.09553590723
0  9000  6000  0  916  7.88982710699  0.84448199039
0  9000  6000  1000  926  7.89621848812  0.853263068395
0  9000  6000  2000  969  7.87250891641  0.86945613003
0  9000  6000  3000  1059  7.823620661  0.891299794533
0  9000  6000  4000  1257  7.82370622116  0.839779855116
0  9000  6000  5000  1481  7.90641010804  0.783726946913
0  9000  6000  6000  1707  7.93330859988  0.788745154169
0  9000  6000  7000  1681  7.99299648424  0.767552932767
0  9000  6000  8000  1448  8.10419300414  0.751244590371
0  9000  6000  9000  1176  8.22391937075  0.761372725855
0  9000  6000  10000  922  8.34928470716  0.759827168422
0  9000  7000  0  1660  8.50218975904  0.694122107419
0  9000  7000  1000  1673  8.50887363419  0.697582498958
0  9000  7000  2000  1706  8.50397043376  0.707281657547
0  9000  7000  3000  1809  8.46887442786  0.739195944984
0  9000  7000  4000  2117  8.44998007085  0.746869624331
0  9000  7000  5000  2556  8.47985656103  0.721520644523
0  9000  7000  6000  3150  8.52172335238  0.68578885743
0  9000  7000  7000  3362  8.58682968769  0.680643947821
0  9000  7000  8000  3231  8.65706797276  0.667809971026
0  9000  7000  9000  2817  8.75080983316  0.648470112596
0  9000  7000  10000  2222  8.81477250225  0.629409567528
0  9000  8000  0  1887  9.0003827186  0.562971813074
0  9000  8000  1000  1890  9.00804318519  0.562340398174
0  9000  8000  2000  1927  9.01096116243  0.566316959254
0  9000  8000  3000  2052  8.99096712476  0.595323599116
0  9000  8000  4000  2371  8.93687263602  0.642230669388
0  9000  8000  5000  2898  8.95668564527  0.653330375023
0  9000  8000  6000  3712  9.00237970636  0.622842090361
0  9000  8000  7000  4308  9.04547518106  0.580360240798
0  9000  8000  8000  4202  9.08764421704  0.549245574059
0  9000  8000  9000  3691  9.12743891628  0.528911270369
0  9000  8000  10000  2965  9.16619845868  0.496960379597
0  9000  9000  0  1487  9.39240020175  0.464925320993
0  9000  9000  1000  1478  9.39387703654  0.462820312218
0  9000  9000  2000  1493  9.39056138647  0.470569586885
0  9000  9000  3000  1549  9.38411468689  0.479847324187
0  9000  9000  4000  1717  9.33357361677  0.522195051572
0  9000  9000  5000  2066  9.29833527106  0.557524290187
0  9000  9000  6000  2654  9.26820539563  0.547847249935
0  9000  9000  7000  3267  9.29096917049  0.516280447255
0  9000  9000  8000  3434  9.34118790332  0.471754880275
0  9000  9000  9000  3020  9.39703858278  0.437257144862
0  9000  9000  10000  2467  9.43809331577  0.40732033438
0  9000  10000  0  799  9.44446297872  0.400090388096
0  9000  10000  1000  793  9.44073577554  0.407826935218
0  9000  10000  2000  800  9.442422425  0.399293888298
0  9000  10000  3000  820  9.44370586585  0.396512448754
0  9000  10000  4000  888  9.42840005631  0.402325139621
0  9000  10000  5000  1131  9.42587009726  0.438495887636
0  9000  10000  6000  1540  9.40788845455  0.417253659555
0  9000  10000  7000  1953  9.39929729135  0.415978752968
0  9000  10000  8000  2044  9.42039118885  0.407570729981
0  9000  10000  9000  1835  9.46737689918  0.392068727597
0  9000  10000  10000  1449  9.50971986197  0.379277106766
0  10000  0  0  79  7.2620558481  2.0043320497
0  10000  0  1000  78  7.31980512821  1.86415512961
0  10000  0  2000  82  7.35169987805  1.74025052426
0  10000  0  3000  90  7.44958044444  1.54016898325
0  10000  0  4000  101  7.79756712871  1.38870080034
0  10000  0  5000  111  8.37618108108  1.20538603176
0  10000  0  6000  112  8.63629883929  1.0259469787
0  10000  0  7000  91  9.11178417582  0.794900562827
0  10000  0  8000  77  9.23502207792  0.979135499453
0  10000  0  9000  50  9.4842538  0.518156338878
0  10000  0  10000  30  9.46557566667  0.552319083403
0  10000  1000  0  79  7.05810367089  2.09005164651
0  10000  1000  1000  79  7.13620848101  1.99746980215
0  10000  1000  2000  81  7.20105790123  1.83481260799
0  10000  1000  3000  89  7.37124303371  1.60155757425
0  10000  1000  4000  100  7.7947138  1.3643569964
0  10000  1000  5000  107  8.3198917757  1.13660541448
0  10000  1000  6000  103  8.70604320388  1.04802742391
0  10000  1000  7000  92  9.14374630435  0.736946751704
0  10000  1000  8000  77  9.34664077922  0.821783541816
0  10000  1000  9000  53  9.48423301887  0.425461535027
0  10000  1000  10000  27  9.64173851852  0.246179902912
0  10000  2000  0  93  6.88018602151  2.05521000173
0  10000  2000  1000  99  6.79470878788  2.05416590722
0  10000  2000  2000  101  7.15502475248  1.69858033995
0  10000  2000  3000  111  7.33637207207  1.45461464054
0  10000  2000  4000  124  7.64713935484  1.37286360692
0  10000  2000  5000  129  8.12201604651  1.24519340293
0  10000  2000  6000  114  8.53789815789  1.19571334953
0  10000  2000  7000  98  8.88900285714  1.1735856191
0  10000  2000  8000  76  9.22351236842  0.992969074272
0  10000  2000  9000  55  9.51829654545  0.653406690216
0  10000  2000  10000  29  9.49093896552  0.91214133697
0  10000  3000  0  215  8.02139  1.6249748789
0  10000  3000  1000  225  7.9056376  1.73445898978
0  10000  3000  2000  242  7.85593024793  1.76478103581
0  10000  3000  3000  246  8.12361605691  1.44485868728
0  10000  3000  4000  260  8.43613196154  1.08766799213
0  10000  3000  5000  300  8.6147271  0.970384760291
0  10000  3000  6000  337  8.80421816024  0.828305736573
0  10000  3000  7000  392  8.91760767857  0.700491135158
0  10000  3000  8000  429  8.95229356643  0.648235515056
0  10000  3000  9000  413  9.00779401937  0.582471081885
0  10000  3000  10000  345  9.05370492754  0.550794813361
0  10000  4000  0  147  6.85122891156  1.70604599727
0  10000  4000  1000  155  6.80614793548  1.6818433567
0  10000  4000  2000  183  6.67361781421  1.62118613863
0  10000  4000  3000  195  6.76221774359  1.53235900371
0  10000  4000  4000  186  7.31408994624  1.43727718916
0  10000  4000  5000  161  8.16911478261  1.18343032706
0  10000  4000  6000  128  8.6646553125  1.06573061447
0  10000  4000  7000  112  9.05342803571  0.953113380542
0  10000  4000  8000  94  8.99675734043  1.26922650568
0  10000  4000  9000  67  9.1524958209  1.21711439015
0  10000  4000  10000  40  9.42917  0.731559395227
0  10000  5000  0  328  7.21818012195  1.10840035808
0  10000  5000  1000  325  7.21835787692  1.09947938069
0  10000  5000  2000  344  7.16482715116  1.09705486602
0  10000  5000  3000  406  7.1120714532  1.04845356922
0  10000  5000  4000  455  7.27742953846  0.926902357359
0  10000  5000  5000  450  7.56102128889  0.963908523804
0  10000  5000  6000  390  7.80122184615  1.03384715821
0  10000  5000  7000  290  8.0422002069  1.06330532673
0  10000  5000  8000  224  8.10791870536  1.16517131729
0  10000  5000  9000  156  8.31280038462  1.06700526439
0  10000  5000  10000  112  8.29604883929  1.03653462866
0  10000  6000  0  671  7.92450643815  0.757855603406
0  10000  6000  1000  680  7.92850167647  0.770090945641
0  10000  6000  2000  698  7.91293958453  0.790684270092
0  10000  6000  3000  793  7.88405815889  0.802355261315
0  10000  6000  4000  926  7.93991976242  0.74431799143
0  10000  6000  5000  1061  8.04431461828  0.67873910979
0  10000  6000  6000  1134  8.10486111993  0.687923835094
0  10000  6000  7000  1037  8.17554342334  0.674428922971
0  10000  6000  8000  874  8.28110165904  0.66075876673
0  10000  6000  9000  698  8.32108014327  0.665753016264
0  10000  6000  10000  538  8.41619375465  0.637244467753
0  10000  7000  0  1166  8.72520524871  0.686829879015
0  10000  7000  1000  1173  8.7211398636  0.699950783377
0  10000  7000  2000  1208  8.70619701987  0.714252195635
0  10000  7000  3000  1307  8.65907144606  0.763144599161
0  10000  7000  4000  1529  8.65760730543  0.764245172191
0  10000  7000  5000  1747  8.70606887235  0.701930535138
0  10000  7000  6000  2061  8.75254704027  0.631598590557
0  10000  7000  7000  2173  8.80018415555  0.622654624621
0  10000  7000  8000  2109  8.86888130868  0.600464898392
0  10000  7000  9000  1897  8.95217103848  0.590223561758
0  10000  7000  10000  1562  9.01624610115  0.587832768717
0  10000  8000  0  1578  9.2498211597  0.52632153233
0  10000  8000  1000  1578  9.2504684981  0.535360230422
0  10000  8000  2000  1609  9.24045252952  0.550163370812
0  10000  8000  3000  1723  9.19408190946  0.605871182571
0  10000  8000  4000  1922  9.15788040062  0.64291158383
0  10000  8000  5000  2189  9.16570607583  0.630867002129
0  10000  8000  6000  2588  9.20988284003  0.577546255986
0  10000  8000  7000  2986  9.22110912592  0.521921910228
0  10000  8000  8000  2980  9.25343422148  0.479906240269
0  10000  8000  9000  2627  9.29153703083  0.446520434633
0  10000  8000  10000  2148  9.32989346369  0.416593595621
0  10000  9000  0  939  9.48033512247  0.456177818908
0  10000  9000  1000  937  9.47955864461  0.453728398536
0  10000  9000  2000  933  9.4731692283  0.46269854512
0  10000  9000  3000  957  9.44496467085  0.489840778871
0  10000  9000  4000  1103  9.37726971895  0.526880262009
0  10000  9000  5000  1319  9.34292583776  0.550542756321
0  10000  9000  6000  1589  9.36720619257  0.51949966541
0  10000  9000  7000  1886  9.41514181866  0.454428635152
0  10000  9000  8000  2051  9.46830612384  0.396215044395
0  10000  9000  9000  1853  9.51435513761  0.35461154964
0  10000  9000  10000  1535  9.55194581107  0.330153032243
0  10000  10000  0  306  9.47361888889  0.36378890823
0  10000  10000  1000  310  9.47850651613  0.362285800001
0  10000  10000  2000  308  9.47399850649  0.361324533058
0  10000  10000  3000  324  9.46330716049  0.361477891938
0  10000  10000  4000  389  9.42581365039  0.379479579649
0  10000  10000  5000  528  9.40874679924  0.408334442504
0  10000  10000  6000  740  9.42343840541  0.403609716539
0  10000  10000  7000  912  9.47580657895  0.383368095066
0  10000  10000  8000  1013  9.53304601185  0.354876966923
0  10000  10000  9000  831  9.5792955716  0.337818308976
0  10000  10000  10000  607  9.6132438715  0.335638548093
