D1_0kV_D2_3kV_E1_4kV_E2_4kV
new shoot
472.9686128
456.773261027
470.24456
493.251361538
536.733980921
1130.60917204
1568.03053588
1595.34531566
1718.33771
1793.4352716
1847.14707867
1872.82887007
new shoot
513.211362727
513.017985116
1454.44639312
1530.68687703
1585.10389512
1570.32822727
1797.90126778
1809.67717475
1808.49858786
2157.49547826
2225.48919245
new shoot
411.776763699
1310.4054013
1670.09668228
1706.70572807
1785.0874777
1746.64558992
1772.22387706
1804.95221556
1816.5831522
1974.5091767
2026.89550308
new shoot
921.2212
1008.50717407
1639.09312
1749.74778472
1745.3284274
2193.07002915
2253.02143761
2333.04975091
new shoot
687.767012258
730.601903704
1462.34386127
1476.65036731
1589.68389938
1627.69819787
1666.50129684
1682.28182043
1707.14445204
1708.00744353
1736.12449813
new shoot
334.904705051
609.686465789
1075.30135565
1536.32547664
1577.13253777
1636.81714865
1641.35653725
1723.6154471
1732.31434296
1867.80017215
new shoot
noFile
new shoot
1636.94491181
new shoot
310.203837226
912.967369417
1006.38481207
1629.09745667
1688.47991447
1748.30662464
1749.89688415
1833.49125086
new shoot
366.611911224
844.055731193
1544.46959071
1691.10129763
1748.71521897
1760.88104713
1800.08387467
1832.8603968
new shoot
440.498934568
533.207905
959.488808537
1064.31991189
1127.22961111
1568.50632619
1613.59970926
1650.55586064
1686.85506967
1692.5208022
1816.52403067
1903.83316497
new shoot
1229.27728818
1571.42918295
1609.90166475
1631.26219862
1702.9231701
1861.21301978
2031.20123797
2040.17839755
2048.09992051
new shoot
348.100240741
632.788509322
984.739782105
1604.12331831
1652.21996027
1675.6969181
1725.6032036
1769.65466275
1789.40127922
new shoot
1601.82430207
1634.97554
1702.01557438
1748.66256494
1798.42291967
1791.14597143
1827.61386761
2263.9029411
new shoot
588.980596124
827.231035135
853.7804556
1530.79318171
1563.04375243
1613.67827714
1632.90333955
1629.86745294
1666.80843178
