D1_0kV_D2_3kV_E1_4kV_E2_2kV
new shoot
366.008193689
825.184712281
1698.35076986
1722.63654217
1729.59196102
1813.78664235
1805.64444667
1899.28260847
2014.0306256
1999.39950579
2024.05432
2442.9143962
new shoot
696.957835227
832.669603727
882.957737037
1571.14855556
1599.01483256
1646.20055301
1673.16691852
1697.08929837
1940.41963106
2004.40724444
new shoot
426.403564815
1819.17621735
1847.64699339
1898.17693161
1918.09281491
1976.8865907
2005.04657912
2358.5052336
new shoot
721.642472619
937.971302326
959.284738462
1558.20992027
1567.80692611
1898.05604435
1976.82841884
new shoot
331.618424324
340.019753846
636.177069767
698.866102564
1125.93428614
1494.93632162
1503.09171895
1512.61013066
1511.43195797
1704.99153559
1837.38610455
1863.87263516
new shoot
1015.40881111
1826.13673222
1874.83726027
new shoot
391.908346512
415.146495349
438.834851095
528.752491753
1645.30321839
1901.41741556
1984.89438757
2068.06165563
new shoot
455.065054546
486.359545652
1825.37581954
1849.74321609
1906.51413647
1901.73574606
1954.07035122
2065.89156136
2227.50827882
new shoot
391.933865972
414.165785135
588.556245122
1334.85183506
1648.54407372
1672.50419872
1689.9930125
1847.21087294
1925.97450458
2006.46327934
2185.11028649
new shoot
431.570448485
416.053666197
688.203267123
1339.97778367
1651.96483864
1823.41291229
2220.53501489
new shoot
419.721333333
500.126875962
633.472496454
1390.5592789
1724.23906299
1808.31225372
1856.81063387
1908.01454096
2116.01636316
new shoot
517.39627191
610.308008
646.07571092
1035.40037188
1526.67776341
1733.5693257
1737.09200233
1819.93375267
1832.92524113
new shoot
875.563026389
1061.10483019
1474.42863143
1614.97715889
2080.08389872
2109.73567875
new shoot
456.95309375
832.545818939
965.256712195
1290.41665267
1446.43815366
1556.39511059
1652.07156489
1691.46233645
1780.21600818
1860.44593133
1879.82904161
1941.2681108
1895.98551081
1891.94531866
1949.235818
2109.89460411
new shoot
759.800753571
808.919261905
826.735408974
1660.11611857
1712.63077027
1848.02033684
1928.24230336
new shoot
529.025665625
528.613213699
1505.84464474
1519.25153333
1580.48860776
1638.64464444
1714.71570602
1866.64891583
2042.04842259
2222.59912527
new shoot
822.435197248
1115.18850779
1628.24551446
1644.09407022
1664.46032422
1961.75694747
2015.47183252
new shoot
743.247465289
1056.54058743
1351.02655294
1503.90815062
1552.85032512
1550.5678776
1839.70453333
1865.17924
1915.47607126
1953.28334227
new shoot
423.91805
440.234179167
635.647368504
802.504654286
1473.2256625
1636.43603421
1638.91203265
1656.32451684
1737.18042375
1943.17250526
new shoot
noFile
new shoot
317.729815
1194.19469537
1309.16747089
1583.1281163
1595.76631923
1606.05288154
1804.66389812
1864.64529582
2120.20764764
2173.36574831
new shoot
1478.35628851
1633.32434189
1643.92961918
1685.17138081
1786.05788583
1793.29526346
1898.50610145
1954.63514714
2015.55183178
2105.65712439
new shoot
311.474040217
426.223807317
573.195984615
902.347279762
1527.59151183
1587.6529273
1694.64214959
1757.76778082
1765.901375
1782.80816026
1809.82183866
1879.00616265
1972.24580659
2116.04420472
4187.83319492
