D1_0kV_D2_3kV_E1_4kV_E2_0kV
new shoot
724.40461092
1172.81328118
1557.88859625
1654.03256732
1739.60734444
1826.95051549
1867.56237254
new shoot
noFile
new shoot
1013.24411744
1789.83962083
1938.9176967
new shoot
668.985692899
974.655341026
1412.74469432
1726.40486538
1774.80857849
2228.15640128
new shoot
391.905631395
909.349126923
1482.69236832
1698.5351237
1800.11146164
1806.12571951
1853.33272568
1980.88920904
new shoot
820.005432927
933.878882022
1155.09537183
1634.11115455
1640.17829895
1707.5971201
1718.63517235
1742.39606346
new shoot
869.869860784
1497.73450366
1534.51866914
1875.76258395
1923.85345761
new shoot
366.485577528
1093.25411818
1250.85527181
1714.33389455
1713.11895775
1747.22727568
1856.55822149
2059.85778571
new shoot
377.250932174
1516.23148026
1656.19408246
1697.97954687
1836.46108148
1980.20942817
new shoot
1108.72841026
1158.31418374
1884.60005345
1932.38819213
1942.89681842
new shoot
309317.223117
309323.642926
309362.350202
309321.029086
309293.907671
309344.577637
309380.930467
309317.445362
309380.029321
309324.871329
309350.181363
309347.360815
309371.821924
309378.119891
309327.254329
309376.115434
309383.205629
309353.091741
309385.724271
309357.538223
309375.649305
309412.173645
309417.833575
309454.747072
309483.107323
309538.830371
309738.565472
310119.019543
310231.692915
310855.752663
310918.814903
311057.972042
311125.775884
311256.361186
311270.782751
new shoot
473.999667416
807.533907527
new shoot
345.877736893
871.521251515
1540.34695
1707.53096931
1731.57150617
1785.48305878
1771.91067746
2105.08442262
new shoot
655.097075641
1635.88010625
1750.47849489
1803.72842105
1849.97602088
1848.56171197
1917.86208111
new shoot
493.410785714
507.688220213
523.513091339
920.462681579
1242.87292525
1559.25346302
1554.59470313
1696.34894634
1771.45251901
1914.12200283
2168.91283026
new shoot
328.11206375
368.75509697
459.49645
1675.88784198
1779.62032932
1883.21882956
new shoot
580.717040909
817.465276428
1450.29587886
1535.78436196
1834.52932383
new shoot
976.540891781
1731.44456416
1833.50822735
2070.90042254
new shoot
534.867932051
1169.82938125
1183.97639048
1585.93951059
1663.40492055
1691.19026183
1846.13751049
1903.45772632
1944.95633738
2075.96876747
new shoot
1017.54929619
1605.28908739
1787.12565977
1808.92717034
1896.743918
new shoot
337.887526316
498.022564805
546.087383824
542.101855263
937.490717674
1479.14955769
1587.00141563
1903.20634444
new shoot
393.222472727
428.016673548
576.661413333
758.385576744
1442.24437236
1484.35716444
1491.08102804
1530.01057623
1613.36058087
1612.69331917
1668.82339709
1791.06399565
