D1_0kV_D2_3kV_E1_4kV_E2_1kV
new shoot
561.119656731
1219.36482874
1282.21495172
1556.94429322
1714.32595888
1792.72813452
1817.12607767
1790.14189214
new shoot
noFile
new shoot
1004.94768025
1160.39028095
1607.3744683
new shoot
475.811761261
535.763279592
828.155686022
1504.40002993
1750.41475341
1854.11112857
1880.75728171
new shoot
499.242384762
1403.8125697
1506.15317662
1636.1403025
1674.04860102
1748.94280698
new shoot
446.842272603
517.531344578
527.303716936
641.699539286
1552.98063511
1961.71391753
2909.39364513
new shoot
328.354317204
322.658080451
341.128236264
657.558130137
654.458746857
1388.50450116
1670.9518246
1690.0418191
1794.95043786
1794.79119429
new shoot
637.432795652
1562.65519961
1603.78198996
1606.18655854
new shoot
427.095233708
614.850819101
1719.78138221
1855.44733544
2020.13347157
new shoot
383.329318699
497.838370707
847.336841085
880.020727
1131.61891519
1728.54825191
new shoot
455.558652632
1519.11152333
1734.2184881
1840.82043043
1892.36155064
1962.40335684
new shoot
308.221786822
494.708739496
1072.71283421
1679.06173699
1689.08089775
1796.46261132
1815.95689643
1874.19931558
1873.64334565
new shoot
410.930177027
1553.22685794
1621.99150111
1779.5529622
1883.97597789
1941.04010435
2645.60331574
new shoot
359377.576019
359325.694871
359379.699924
359370.510002
359385.329836
359401.952011
359363.525518
359423.043805
359393.919513
359391.207073
359383.150967
359420.334514
359417.924976
359420.495479
359414.788977
359423.954608
359415.146712
359438.257099
359432.741733
359441.188879
359532.541139
359581.117509
359921.184632
360189.025904
360884.72527
361088.101245
new shoot
426.732824422
1385.37096941
1393.41504656
1391.34922167
1445.22198784
1468.9140036
1655.00825429
2272.05053472
74867.876112
new shoot
388.917178014
419.605389655
573.489176531
771.112123214
800.053404819
1213.50676625
1780.28800485
1788.32449917
1814.23556279
1855.52802826
1903.28062941
2192.80176477
3338.79156316
new shoot
338.831031482
917.911378947
1553.58867653
1591.50941781
1601.16945032
1811.18347013
new shoot
317.443235616
708.356579452
898.891730588
1247.90398514
1499.8016932
1563.59330505
1737.34719694
1771.33886336
2470.58958132
new shoot
505.755369714
1335.75512346
1491.33475974
1615.76659487
1940.51710233
2200.49178473
new shoot
311.433323148
338.974036111
395.730503509
585.773692727
632.132573034
662.020901235
1582.19727886
1622.34574017
1705.9869859
new shoot
355.51466259
481.020111702
1588.53110522
1784.40172363
1829.61817159
1910.31615657
1968.57782471
new shoot
375.443403226
487.763681111
524.735731683
574.638231645
613.980495676
1757.65216588
1778.32318224
1817.29696077
1858.25178395
1959.957397
