D1_0kV_D2_3kV_E1_4kV_E2_3kV
new shoot
805.721937113
1449.945739
1516.10807075
1589.52601957
1673.17956197
1765.87859394
1843.52133333
1769.90174375
1781.33869888
1885.28568611
1910.4677871
1913.43613813
1951.32217636
2032.73708158
new shoot
noFile
new shoot
315368.578543
315383.286581
315359.337707
315394.884849
315351.145102
315382.137653
315373.204501
315388.577137
315374.925152
315371.126285
315397.389288
315406.025135
315430.111547
315414.856784
315444.085335
315473.959
315502.491172
315558.348482
315875.582072
315953.961471
316977.695261
317057.801031
317106.852159
317132.630246
317229.346421
new shoot
881.530871053
1004.24287027
1000.60227027
1377.14509277
1490.84481667
1521.71265363
1549.1507592
1727.2669
new shoot
392.689939091
898.786960976
1589.40837372
1641.7481961
1653.1826981
1664.64622958
1695.24837585
1748.83776246
1754.19276154
1843.60781647
1835.52844423
1933.41456058
1941.140575
2757.03643107
2769.43598205
new shoot
451.884683529
453.362837363
479.907668056
661.504983851
682.509401299
1527.83487446
1523.77200588
1594.31784937
1715.73600654
1737.13067717
1739.33162738
1765.07519189
1840.07902837
1854.41998395
1916.2521625
1943.51680872
new shoot
517.210727941
716.538471264
1574.90438
1770.20157113
1803.90433924
1927.99846597
1977.20225301
2090.35581292
new shoot
873.990233939
952.440783784
1527.61873404
1580.89325373
1605.24491628
1649.2633297
1687.58705132
1712.74726921
1771.98340517
1866.4166234
1901.71164968
1873.21194759
1910.4407625
1943.94972759
new shoot
342.703126923
323.155587963
432.117511966
470.846320253
1080.32323426
1527.30450456
1647.33110449
1650.76138915
1688.34605029
1696.09663968
1954.09505464
1965.26217636
new shoot
693.359637778
1661.51846202
1633.53693222
1735.72668133
1860.32410421
1870.99952254
2158.28384942
new shoot
467.68738038
594.486924199
1441.39418667
1502.64535467
1615.648077
1726.32681517
1772.82575909
1791.6781
1948.87160933
1982.47261528
2042.771828
2251.54814978
2645.72030395
new shoot
361.94725
1333.65333789
1602.84301475
1642.79733377
1732.5665617
1731.00698537
1754.07848974
1761.52010658
1785.16963137
1857.86432468
1897.1524686
new shoot
353.105557798
738.235697222
747.524469697
1513.36074046
1566.92711556
1614.22302736
1592.08538211
1731.28791136
1770.31192871
1766.57464583
2320.55414645
2895.79014533
new shoot
483.568369811
569.461262585
726.345663291
864.74888022
854.371924719
960.355118519
1532.65131038
1572.31125287
1599.36391333
1656.94962403
1727.6585057
1725.03509167
1735.89946824
1779.68374503
1802.78676435
1814.45034023
1927.08532208
new shoot
353.78042
347.388073228
435.764196364
1413.5700033
1485.65125357
1664.21017031
1577.58677855
1603.4234025
1690.62196599
1711.70963108
1754.65130909
1805.88437349
1887.30355089
1921.60539712
new shoot
387.883444444
755.055842308
1387.13623864
1455.1764494
1508.47152857
1602.58578211
1694.37987867
1690.41249755
1763.5076
1792.512859
1858.8265404
1874.37061395
2096.58094615
2187.69906203
new shoot
407237.646684
407321.541251
407343.894725
407297.547531
407258.811152
407304.750545
407307.484514
407312.490754
407319.20533
407354.21599
407320.26845
407319.764636
407335.476487
407319.648109
407336.177284
407320.897499
407328.764838
407344.416976
407351.287758
407349.301956
407519.848094
407821.014783
407816.133231
408122.247724
408851.008698
408866.511162
408879.696574
409071.465796
409100.572521
409086.08301
409131.153532
409163.140265
new shoot
833.006219463
1003.624426
1148.26758211
1653.61444667
1715.5210748
1749.81035433
1821.11201837
1876.95550464
1848.07548421
new shoot
1617.6622266
1590.21366727
1688.94697568
1847.2254287
1851.96423291
new shoot
360.625210185
372.743634783
918.765485135
1032.81830149
1154.51012869
1448.8176451
1581.36343382
1631.49147168
1676.01290519
1741.70377732
1822.50578158
1882.34577573
1891.88003095
1932.20042294
1947.14289205
2153.80475545
new shoot
310.109929167
699.17762459
711.202883333
1522.84672254
1652.29769467
1657.6829076
1702.04189716
1688.82591022
1741.84674948
1856.43133115
1914.77474024
1946.38779109
1946.44748536
1948.32455214
1954.77196642
new shoot
334.298230631
1452.34114157
1478.72205826
1540.57138488
1534.52810153
1562.60170962
1605.95198786
1635.92927155
1661.15190521
1759.13241791
1934.10629647
